202508040804
202503030307
202503030107
202508040704
202506050107
202505041104
202503030602
202505050106
202508040301
202508040810
202508040708
202508020708
202505050312
202509050504
202508031004
202507050509
202507050610
202510010708
202505050510
202503030606
202509050509
202506050709
202509050609
202505050607
202506030711
202509050804
202508031005
202508031009
202509050608
202507050406
202510020101
202505050109
202506050511
202503030406
202505041008
202505050609
202505050111
202508040603
202509050106
202508040610
202503020401
202506050212
202505050108
202506050501
202504010304
202509050307
202503030305
202505041006
202505050210
202506050102
202507050210
202508040705
202506050205
202506050612
202509050308
202508040506
202507010308
202508031106
202503030311
202503030506
202507050207
202509050102
202507050510
202508040703
202508031010
202509050701
202506050602
202507050401
202508040407
202503030411
202505040709
202509050605
202503030405
202503030302
202509050109
202503030103
202505041009
202505050808
202507050205
202506050505
202509050810
202506050308
202506050311
202505050810
202503020701
202509050202
202508040402
202508040801
202505050602
202508040309
202507050606
202503030104
202505050306
202503030603
202509050603
202508040101
202505041003
202503030403
202508040106
202506050506
202505050201
202508040405
202503030106
202505041102
202509050201
202509050407
202509050812
202510010304
202508040412
202507050601
202508040701
202509050607
202508040712
202507030101
202510010105
202505050702
202506050204
202506050805
202505050711
202510010505
202509050108
202506050402
202507050408
202508031104
202505050806
202506050510
202509050811
202508040210
202503030204
202503030612
202507050203
202505050112
202503030601
202509050807
202506050202
202509050112
202508031112
202503030502
202508040504
202509010508
202508040501
202509050802
202508040812
202508040611
202503030205
202505050805
202507050607
202507050503
202508031003
202505050807
202507050505
202508040606
202503030206
202508040711
202503030210
202506050701
202503030401
202503030202
202507050605
202505050402
202508040204
202509050312
202507030601
202506050411
202509050310
202505050408
202509050304
202503030312
202505050512
202505041007
202508031107
202506050705
202510010704
202505041010
202505050302
202506050806
202503030611
202509050808
202505050610
202505050804
202506050101
202509050207
202509050302
202505050603
202508040709
202505050709
202508040205
202507050310
202509050803
202509050709
202505050207
202505050311
202508040806
202508040208
202509050110
202505050501
202509050401
202506050307
202508040406
202503030201
202509050505
202508031109
202508040104
202508040805
202509050503
202508031101
202508040808
202507050212
202505050304
202509050702
202509050205
202505041005
202510010604
202509050211
202503030111
202503030408
202505041012
202507050101
202508040601
202507050305
202505050301
202506050302
202506050811
202504020301
202505050204
202508040207
202508040706
202504010604
202507050507
202510010204
202503020801
202506050310
202507050410
202504010301
202505041111
202503030605
202506050103
202508031105
202506050407
202509050402
202505041106
202508040201
202505050809
202503030110
202509050306
202503030207
202507050308
202508040802
202505050403
202506050711
202509050403
202503030511
202503030303
202508040203
202504020401
202504010704
202503030310
202505050409
202503030304
202503030508
202506050110
202508040512
202509050707
202509050107
202506050710
202508040105
202508040109
202510010504
202507050102
202507050611
202509050209
202507050104
202505050308
202506050508
202509050501
202505050503
202505041004
202510020601
202505041105
202508040604
202507050506
202503030610
202503030212
202506020708
202508040206
202507050407
202509050510
202505050202
202508031007
202505050707
202508031103
202508040111
202507050502
202507050106
202503020301
202509050305
202509050301
202506050301
202509050311
202505050505
202506050606
202509050604
202507050412
202506050610
202503030510
202504030301
202509050212
202506050304
202505050606
202508040302
202508040212
202508040305
202505050401
202505041109
202509050406
202508040307
202508040710
202507050511
202507050306
202508040202
202507030201
202506050207
202508040803
202506050401
202508040807
202506040304
202507050608
202508040702
202506050803
202510010904
202509050703
202506050512
202506050807
202506050509
202507050201
202503030402
202507050404
202506050211
202509050511
202507050211
202505041001
202508040809
202508040110
202506050703
202506050609
202508040103
202504010204
202507050109
202507050209
202508040310
202505050212
202506050409
202505050710
202508031102
202505050708
202509050405
202509050801
202507050112
202504010104
202508040403
202505041002
202505050307
202506050507
202506050812
202505050811
202508040507
202509050210
202509050610
202506050104
202507050307
202506050111
202503030309
202509050710
202504010605
202509050103
202507050402
202505050101
202506050405
202507050604
202510010104
202504020309
202510011104
202503030308
202505050404
202506050804
202507050202
202508040605
202508040612
202509050809
202510010804
202507050403
202505050509
202506050707
202506050702
202506050303
202510020504
202505050309
202503030501
202509050711
202509050303
202507050508
202507050103
202507050501
202506050105
202506050801
202506050410
202504010404
202507050311
202505050706
202509050705
202503030203
202505050405
202508040411
202507050304
202509050411
202503030409
202509040604
202509050706
202505050412
202508040609
202508040509
202508040811
202503030109
202509050805
202505050605
202509050508
202507050409
202503030105
202508031011
202509050602
202505050410
202508040211
202503030306
202509020108
202505050704
202507030501
202507040101
202505050705
202507050411
202504030401
202509050208
202503030301
202505041011
202509050412
202506050108
202508031006
202505030304
202505050801
202509050404
202507040201
202503030509
202505050203
202505050206
202507050504
202503030211
202508040508
202509050104
202506050504
202503030101
202508040502
202506050604
202507050111
202505050608
202509050203
202508040408
202503030108
202506050412
202506050810
202506050306
202506050408
202505050601
202507050204
202508040410
202505050104
202505050712
202507050108
202508040311
202507050105
202503030507
202506050201
202509050704
202505050105
202503030505
202505050703
202509050204
202508040107
202510011105
202506050704
202507050309
202505050110
202508040404
202507050110
202505041110
202506050608
202509050806
202506050601
202506050605
202506050603
202505050507
202508031002
202507050303
202509050712
202506050406
202507030109
202506050106
202503030209
202508040511
202505050812
202505050303
202510010404
202508040607
202505050508
202505050803
202503030604
202503030208
202503030412
202509050506
202509050512
202503030609
202508040303
202508040308
202509050410
202504010701
202504010804
202505050511
202505050310
202504010101
202510020201
202507010404
202503030608
202505041108
202509050606
202508040112
202508031110
202507050206
202505041101
202506050309
202505050502
202509050309
202503030404
202505050305
202506050706
202503030503
202505050208
202510010305
202506050208
202507050612
202505050102
202510010905
202503030407
202508040108
202507050302
202507050603
202509050111
202505050205
202505050211
202505050406
202506050209
202506050404
202507050301
202505041107
202507050107
202506050403
202505050604
202508031008
202503030512
202505041103
202506050206
202506050611
202504020709
202507050512
202508040306
202509050507
202508040409
202507050609
202509050611
202508040401
202506050203
202503030504
202506050109
202506050708
202506050607
202508040608
202506050210
202505041112
202505050103
202508031111
202508040707
202506050712
202508040102
202507050208
202505050612
202503030607
202505050701
202507050405
202506050112
202503030112
202509050502
202505050506
202507050312
202504020801
202509050408
202507050602
202506050809
202503030102
202505050802
202506050802
202505050504
202505050107
202509050409
202509050206
202508040209
202505050209
202509050708
202505050611
202509050601
202505050411
202509050105
202508040503
202508031001
202508040510
202508040304
202509050612
202506050312
202510011004
202508031012
202506050305
202508040602
202509050101
202506050503
202508031108
202510011204
202506050502
202503030410
202506050808
202508040505
202505050407
202508040312
