202509010508
202503030303
202508031102
202505050409
202508040607
202505050303
202509050204
202508040102
202508040403
202509020108
202505050602
202507050211
202509050307
202508040812
202506050301
202505050701
202506050308
202505050202
202510020601
202509050208
202503030409
202507050608
202508040101
202503030205
202508040401
202508020708
202505050109
202509050703
202505041008
202503030301
202507050107
202505050112
202509040604
202505050710
202504030301
202505050412
202505041111
202509050704
202506050805
202508040507
202507050412
202506050205
202506050307
202505041002
202509050209
202504010204
202509050304
202507050601
202505050605
202508040609
202506050505
202508040612
202505050703
202503030407
202506050807
202503030311
202506050710
202503030608
202509050104
202508040402
202505050407
202503030112
202507050303
202506050707
202509050809
202507050208
202508040106
202503030611
202506050108
202503030209
202508040808
202508040604
202506050111
202504010804
202506050202
202506050209
202508040212
202507050108
202507050603
202508040701
202503030310
202508040409
202508040108
202509050410
202506050401
202505050606
202505041012
202509050506
202508040707
202507050404
202503030107
202508040810
202507050402
202503030502
202509050705
202508040404
202507050505
202509050610
202503030511
202506050306
202509050407
202505050406
202507050502
202503030109
202505050201
202505050404
202503030503
202505041004
202506050112
202506050502
202508031108
202510010305
202507050511
202503030212
202506050105
202503030305
202508040503
202506050806
202505041110
202506050608
202506050409
202508040406
202505041102
202508040407
202503030108
202508040709
202505050305
202505050603
202509050808
202505050607
202509050810
202509050708
202506050506
202508031004
202505041003
202505050204
202508040211
202509050611
202507050301
202508040803
202509050411
202506050507
202509050710
202506050709
202506050809
202506050304
202508040104
202508040210
202507050302
202509050207
202503030203
202508031008
202505050304
202510020201
202503030411
202507050611
202508031002
202506050711
202507030201
202507050506
202505050601
202506050101
202506050504
202506050407
202503030106
202509050502
202507050610
202503030603
202503020801
202505050403
202507050106
202508040809
202508031010
202507050406
202505050507
202505050410
202509050105
202506050107
202503030507
202505050612
202509050605
202508040109
202505041006
202504030401
202509050702
202509050612
202505041112
202508040105
202505041010
202504010605
202509050202
202503030402
202505050206
202505050209
202503030501
202506050104
202503030405
202508040411
202509050412
202509050210
202505050203
202507050308
202503030410
202508040702
202505050103
202505041108
202507050112
202503030308
202508031006
202506040304
202506050810
202508040410
202503030103
202505050411
202508040510
202507050312
202509050601
202506050303
202503030302
202509050707
202505041104
202508040204
202510011204
202509050709
202506050701
202503020301
202507050409
202509050503
202509050807
202505050405
202510020504
202506050603
202507050602
202503030105
202508040511
202507050508
202507050209
202509050507
202506050609
202507050510
202505050408
202504020709
202508040804
202505050608
202507050310
202509050103
202506050412
202505050803
202508040806
202507050501
202503030306
202507050507
202506050503
202509050509
202510010105
202506050712
202505041103
202503030211
202505050312
202508031001
202503030307
202503030408
202506050309
202508031111
202505050506
202507030601
202507050609
202508040801
202503030406
202510010505
202507050605
202508040710
202505041009
202505050402
202505050809
202504010604
202505050711
202509050608
202505050205
202506050310
202503030601
202507050403
202505050706
202506050110
202507050311
202504010704
202508040703
202503030102
202503030104
202505050307
202503020701
202508040505
202508040310
202504020801
202508040811
202505050208
202506050403
202509050408
202509050109
202506050705
202506050208
202506050212
202509050106
202507050207
202508040601
202506050802
202507030501
202505050705
202505050107
202503030604
202510010904
202508031112
202507050204
202508040711
202505050511
202503030605
202505050101
202507050504
202509050801
202507050604
202505041109
202504020301
202505050212
202503030210
202507050411
202503020401
202509050603
202509050201
202508040308
202506050203
202507050503
202505050503
202508040501
202506050211
202508040502
202508040202
202507050612
202507050606
202505050712
202503030510
202506050404
202510011105
202504010101
202509050308
202509050406
202505050708
202509050803
202503030101
202506050103
202508040207
202505050301
202507050105
202508040805
202506050804
202509050112
202503030610
202505050106
202508040307
202503030201
202508040206
202508040209
202505050807
202507030109
202508040303
202503030505
202505050505
202506050509
202506050201
202505050501
202503030312
202508040611
202503030110
202503030508
202508040306
202508031012
202509050303
202509050504
202509050403
202509050206
202507050102
202508031005
202505050811
202508031107
202509050812
202503030304
202509050706
202509050301
202510010104
202509050404
202509050606
202508040506
202508040201
202508040708
202506050512
202507050305
202508031003
202510011104
202508040412
202509050401
202508031109
202505050211
202503030208
202504010104
202506050206
202508040301
202509050604
202508040405
202506020708
202508040605
202508040111
202505050210
202503030609
202510010504
202506050702
202505050309
202508031104
202506050607
202503030512
202504020309
202505050808
202506050204
202505050509
202506050602
202506050510
202506050808
202509050312
202509050511
202506050405
202509050811
202510010204
202505050504
202506050811
202510010704
202509050607
202507050205
202509050111
202508040603
202509050505
202505050610
202509050510
202508031009
202506050311
202507050111
202508040112
202503030202
202504010404
202505050609
202506050410
202508040610
202509050602
202509050711
202508031105
202509050806
202508031103
202505050812
202505050806
202506050210
202506050312
202508031101
202510020101
202505050401
202506050801
202507050401
202505050801
202503030401
202505041007
202505050102
202505050308
202506050207
202505041106
202510010404
202505050306
202503030509
202507030101
202504010701
202507050210
202506050605
202505050810
202505041011
202509050306
202509050508
202506050601
202505050111
202507050202
202509050110
202509050107
202506050812
202508040602
202508040312
202506050612
202509050311
202508031007
202509050609
202508040107
202507050309
202507010308
202503030404
202508040509
202506050706
202509050302
202509050501
202508040606
202507050101
202507050405
202508040712
202509050512
202506050402
202503030504
202509050305
202505050702
202505050108
202509050309
202509050712
202505050105
202508040706
202505041107
202506050610
202507040201
202505050311
202509050101
202505050512
202505050611
202508040103
202510010708
202508040512
202509050405
202506050604
202508040704
202506050511
202508040311
202506050508
202510011004
202503030206
202506050708
202505050302
202506050803
202503030602
202505041005
202506050305
202508040608
202505050110
202505050709
202505050802
202507010404
202508040504
202505050310
202507050407
202505050510
202508031106
202505050508
202507050306
202506050703
202507050307
202506050704
202509050102
202509050212
202503030606
202509050203
202506050611
202508040305
202507050109
202506050106
202509050409
202506050109
202510010905
202507050410
202506050501
202508040203
202507050304
202506050102
202508040208
202507050512
202509050108
202504020401
202503030111
202508040705
202507050206
202507050212
202509050802
202507050408
202509050804
202505040709
202508040110
202507050203
202505050207
202506030711
202509050211
202509050701
202503030207
202508040408
202510010604
202507050607
202506050606
202507050509
202504010301
202505050104
202506050406
202508040205
202505050704
202506050302
202510010304
202503030506
202505041101
202507050103
202508040304
202507040101
202508040302
202503030607
202503030403
202505050707
202506050411
202508040309
202503030204
202508040807
202505030304
202503030612
202508031011
202509050402
202507050201
202510010804
202503030309
202503030412
202507050110
202504010304
202505050604
202509050805
202505050502
202505041105
202507050104
202508040508
202509050310
202508031110
202505050805
202508040802
202505041001
202509050205
202506050408
202505050804
