tree
version=v4
num_class=1
num_tree_per_iteration=1
label_index=0
max_feature_idx=109
objective=binary sigmoid:1
feature_names=age age_zscore basis_weight basis_weight_zscore bias_dynamic_score bias_seasonal_score bracket_is_inner bracket_is_middle bracket_is_outer day_of_meeting days_since_last_race dist_avg_finish dist_avg_time dist_races distance_change distance_m horse_number horse_weight horse_weight_change horse_weight_diff_from_avg horse_weight_zscore is_distance_lengthened is_distance_shortened is_jockey_id_changed is_lone_leader is_rest_return is_trainer_id_changed leader_ratio n_leaders pace_fit_score past_10_finish_position_max past_10_finish_position_mean past_10_finish_position_median past_10_finish_position_std past_10_last_3f_time_max past_10_last_3f_time_mean past_10_last_3f_time_median past_10_last_3f_time_std past_10_passing_order_1_max past_10_passing_order_1_mean past_10_passing_order_1_median past_10_passing_order_1_std past_10_passing_order_4_max past_10_passing_order_4_mean past_10_passing_order_4_median past_10_passing_order_4_std past_1_finish_position_max past_1_finish_position_mean past_1_finish_position_median past_1_finish_position_std past_1_last_3f_time_max past_1_last_3f_time_mean past_1_last_3f_time_median past_1_last_3f_time_std past_1_passing_order_1_max past_1_passing_order_1_mean past_1_passing_order_1_median past_1_passing_order_1_std past_1_passing_order_4_max past_1_passing_order_4_mean past_1_passing_order_4_median past_1_passing_order_4_std past_3_finish_position_max past_3_finish_position_mean past_3_finish_position_median past_3_finish_position_std past_3_last_3f_time_max past_3_last_3f_time_mean past_3_last_3f_time_median past_3_last_3f_time_std past_3_passing_order_1_max past_3_passing_order_1_mean past_3_passing_order_1_median past_3_passing_order_1_std past_3_passing_order_4_max past_3_passing_order_4_mean past_3_passing_order_4_median past_3_passing_order_4_std past_5_finish_position_max past_5_finish_position_mean past_5_finish_position_median past_5_finish_position_std past_5_last_3f_time_max past_5_last_3f_time_mean past_5_last_3f_time_median past_5_last_3f_time_std past_5_passing_order_1_max past_5_passing_order_1_mean past_5_passing_order_1_median past_5_passing_order_1_std past_5_passing_order_4_max past_5_passing_order_4_mean past_5_passing_order_4_median past_5_passing_order_4_std prev_distance_m round_of_year sex_セ sex_牝 sex_牡 surface_avg_finish surface_avg_last3f surface_change surface_races track_ダート track_芝 venue_avg_finish venue_change venue_races weight_diff_from_avg year
feature_infos=[3:11] [-2.0775944964925088:3.323058334564156] [49:62] [-3.4349317162944706:3.4809475178532066] none [0.050000000000000003:0.050000000000000003] [0:1] [0:1] [0:1] [1:9] none none none none none [1000:3000] [1:18] [374:580] [-34:32] [-100:97.285714285714278] [-2.9074935772324673:2.8228319741675492] none none [0:1] none none none [0:0.33333333333333331] [0:64] [-27.485628326299231:23.460901018269592] [1:17] [1:17] [1:17] [1.4142135623730951:1.4142135623730951] [13.5:44.399999999999999] [13.5:44.399999999999999] [13.5:44.399999999999999] [0.98994949366116303:1.3435028842544419] [1:16] [1:16] [1:16] [0.70710678118654757:0.70710678118654757] [1:16] [1:16] [1:16] [0:2.1213203435596424] [1:17] [1:17] [1:17] none [13.5:44.399999999999999] [13.5:44.399999999999999] [13.5:44.399999999999999] none [1:16] [1:16] [1:16] none [1:16] [1:16] [1:16] none [1:17] [1:17] [1:17] [1.4142135623730951:1.4142135623730951] [13.5:44.399999999999999] [13.5:44.399999999999999] [13.5:44.399999999999999] [0.98994949366116303:1.3435028842544419] [1:16] [1:16] [1:16] [0.70710678118654757:0.70710678118654757] [1:16] [1:16] [1:16] [0:2.1213203435596424] [1:17] [1:17] [1:17] [1.4142135623730951:1.4142135623730951] [13.5:44.399999999999999] [13.5:44.399999999999999] [13.5:44.399999999999999] [0.98994949366116303:1.3435028842544419] [1:16] [1:16] [1:16] [0.70710678118654757:0.70710678118654757] [1:16] [1:16] [1:16] [0:2.1213203435596424] none [1:1] [0:1] [0:1] [0:1] none none [1:1] none [0:1] [0:1] none [1:1] none [-4.5625:3.75] [2020:2020]
tree_sizes=2491 2681 2694 2686 2904 2903 2801 2690 2681 2681 2689 2782 2885 2898 2993 2802 2597 2600 2594 2805 2925 2687 2703 2705 2797 2916 2909 2584

Tree=0
num_leaves=23
num_cat=0
split_feature=19 108 1 9 2 108 18 108 3 19 17 108 16 108 9 20 17 17 9 7 6 17
split_gain=15.0619 19.6604 13.5541 8.41452 8.14814 4.46382 3.47819 4.21293 4.94136 4.81533 7.95257 6.31785 3.14826 2.86949 3.28523 2.64213 2.40455 2.54235 2.22637 2.20771 1.04004 1.61865
threshold=38.775000000000013 0.87083333333333368 -0.71334715305892027 2.5000000000000004 55.500000000000007 -0.68990384615384659 6.5000000000000009 0.24038461538461678 0.87992785144493035 15.854166666666659 477.00000000000006 0.73214285714285776 7.5000000000000009 -1.3229166666666676 2.5000000000000004 -0.079644198259605101 461.00000000000006 481.00000000000006 3.5000000000000004 1.0000000180025095e-35 1.0000000180025095e-35 451.00000000000006
decision_type=2 2 2 2 2 2 2 2 2 2 2 2 2 2 2 2 2 2 2 2 2 2
left_child=2 -2 3 -1 12 -5 7 -6 9 10 11 -9 13 -4 -15 -7 -14 -18 -8 -10 -16 -22
right_child=1 -3 4 5 6 15 18 8 19 -11 -12 -13 16 14 20 -17 17 -19 -20 -21 21 -23
leaf_value=-2.6022694935381714 -2.5889639106429421 -2.4932397719032191 -2.6192781845352826 -2.528686827302415 -2.6161680415765676 -2.5884668579741312 -2.6242769447048859 -2.6063967017925105 -2.6105036509865629 -2.5972546112345647 -2.5323297464795291 -2.5542629526934726 -2.6259197618668848 -2.5677415850805141 -2.5868446421687681 -2.5515718770595242 -2.5896846161122284 -2.6198552353992177 -2.5908955846336283 -2.5814793863912961 -2.6238405023419453 -2.5945693066915165
leaf_weight=5.7784854769706753 6.3628267049789411 3.8956081867218018 5.8434122800827053 5.0642906427383432 4.0254617929458609 4.479949414730072 4.3500958085060102 5.3239978551864677 6.7523875236511213 5.9083390831947318 6.362826704978942 5.0642906427383423 14.348823487758638 4.5448762178421047 4.2851690053939793 4.4150226116180384 6.4926803112030012 6.3628267049789429 4.8045834302902222 5.2590710520744324 3.6359009742736816 5.3889246582984924
leaf_count=89 98 60 90 78 62 69 67 82 104 91 98 78 221 70 66 68 100 98 74 81 56 83
internal_value=-2.59016 -2.55088 -2.59365 -2.5679 -2.59885 -2.55371 -2.58868 -2.58415 -2.58024 -2.57089 -2.56163 -2.58069 -2.60837 -2.59905 -2.59204 -2.5695 -2.6163 -2.60497 -2.60736 -2.5979 -2.60065 -2.60709
internal_weight=128.75 10.2584 118.491 19.7377 98.7537 13.9593 47.8511 38.6964 34.6709 22.6595 16.7511 10.3883 50.9026 23.6983 17.8549 8.89497 27.2043 12.8555 9.15468 12.0115 13.31 9.02483
internal_count=1983 158 1825 304 1521 215 737 596 534 349 258 160 784 365 275 137 419 198 141 185 205 139
is_linear=0
shrinkage=1


Tree=1
num_leaves=24
num_cat=0
split_feature=19 3 1 9 2 18 108 3 108 19 17 108 16 108 9 16 17 17 20 2 9 19 19
split_gain=13.7743 21.152 12.848 7.58787 6.94299 4.2623 3.96204 5.6708 3.77889 3.54228 6.86732 5.78124 3.09926 2.78641 2.99886 2.52542 2.48312 2.37584 2.35578 2.22281 1.34472 1.11795 0.727796
threshold=36.904166666666676 0.84891136372984455 -0.71334715305892027 2.5000000000000004 55.500000000000007 6.5000000000000009 0.24038461538461678 0.87992785144493035 -0.68990384615384659 15.854166666666659 477.00000000000006 0.73214285714285776 7.5000000000000009 -1.3229166666666676 2.5000000000000004 7.5000000000000009 461.00000000000006 481.00000000000006 -0.079644198259605101 56.500000000000007 3.5000000000000004 6.7321428571428621 -15.236363636363619
decision_type=2 2 2 2 2 2 2 2 2 2 2 2 2 2 2 2 2 2 2 2 2 2 2
left_child=2 15 3 -1 12 6 -6 9 -5 10 11 -8 13 -4 -15 -2 -14 -18 -10 -9 -7 22 -16
right_child=1 -3 4 8 5 20 7 19 18 -11 -12 -13 16 14 21 -17 17 -19 -20 -21 -22 -23 -24
leaf_value=-0.012202292412826722 0.019507805946324827 0.096924689368762085 -0.029158887089441476 0.056219135508822113 -0.026094918032042023 -0.034306510994596494 -0.016293913214920252 0.0051775265810198806 0.0012756280920437298 -0.0049331004504802869 0.052976250095254106 0.033380586517339925 -0.036020340438705681 0.020953226660494678 -0.006961609013736293 -0.017697649882662588 9.8322006952865934e-05 -0.029541944202900232 0.035848955080471867 -0.024207366189035285 -0.007425067550014112 0.0041639597999465977 -0.026879869885591483
leaf_weight=5.7166956737637546 4.1509001180529577 3.8777692764997473 5.6333862319588688 5.3363270759582528 3.9349408149719229 4.1595534682273847 5.2483570426702553 5.6754165291786176 4.4850378781557083 5.4188990592956534 6.6838263124227515 5.2210354059934616 13.908424712717535 4.6317560225725201 4.6639809980988529 3.8513575792312622 6.4932487905025464 5.9469026029109955 4.5621633827686274 5.997534841299057 4.7351347059011459 4.1490251421928397 4.2507042884826616
leaf_count=89 63 56 89 78 62 66 82 88 69 84 98 78 221 70 73 59 100 94 68 93 73 64 66
internal_value=-0.000372724 0.0343612 -0.00398392 0.0207879 -0.00917921 0.000278173 0.00529339 0.00909772 0.033881 0.0190548 0.0265868 0.00872112 -0.0180883 -0.00880849 -0.00194729 0.00160904 -0.0261107 -0.0144372 0.0193076 -0.0101513 -0.0207135 -0.0103582 -0.0170316
internal_weight=128.732 11.88 116.852 20.1002 96.7521 47.0747 38.18 34.2451 14.3835 22.5721 17.1532 10.4694 49.6774 23.3289 17.6955 8.00226 26.3486 12.4402 9.0472 11.673 8.89469 13.0637 8.91469
internal_count=1983 178 1805 304 1501 724 585 523 215 342 258 160 777 362 273 122 415 194 137 181 139 203 139
is_linear=0
shrinkage=0.0343227


Tree=2
num_leaves=24
num_cat=0
split_feature=17 3 1 34 27 1 1 3 19 2 103 3 3 1 108 108 1 1 16 16 19 7 16
split_gain=12.808 11.3707 8.52087 5.67399 9.57061 5.05 5.98317 5.1944 4.98803 5.27509 5.16621 4.61242 3.84303 3.38011 4.84015 6.25382 2.73674 4.88572 1.83109 1.90768 2.41047 1.71801 1.45732
threshold=461.00000000000006 1.2043930043186928 1.0000000180025095e-35 38.350000000000001 0.080128205128205135 -0.83701877984364481 -1.098283900404851 -1.0358694593485682 16.881944444444461 54.500000000000007 1.0000000180025095e-35 0.62342625740487934 0.68166237537273722 -0.54650500631178078 0.73214285714285776 1.1055555555555581 1.0063958453188087 1.6009034342861652 7.5000000000000009 3.5000000000000004 -22.449999999999985 1.0000000180025095e-35 9.5000000000000018
decision_type=2 2 2 2 2 2 2 2 2 2 2 2 2 2 2 2 2 2 2 2 2 2 2
left_child=13 2 3 4 5 6 -2 -7 9 -9 -11 -12 21 -1 18 -16 22 -18 19 -15 -21 -10 -4
right_child=1 -3 16 -5 -6 7 -8 8 12 10 11 -13 -14 14 15 -17 17 -19 -20 20 -22 -23 -24
leaf_value=0.0049549310477583616 -0.00059404228358856716 0.058525355464127668 -0.035410869947138594 -0.026895025330114591 0.050035642094613253 -0.028459262323451241 0.056937300621173664 0.043932663405286669 -0.0063615169733723586 -0.018224304816774346 -0.00021026493726692465 0.044706730461978025 0.014529075482782547 -0.034475513996569673 0.033862439071064974 -0.026026675084442938 0.023331806091609321 -0.026706727124914051 -0.035948739454060505 0.010712849000976642 -0.025686186079397863 -0.034571180118795161 -0.0082366968470379623
leaf_weight=7.3335290551185599 3.7738411426544189 4.4841292575001708 7.2450972497463244 4.2383893653750411 6.9270395934581748 5.1142159141600123 4.5654324889183027 6.2025811560452011 5.6854375861585158 5.7941554449498662 5.6056354232132435 4.8750088699162006 5.9068588055670253 4.4404239989817169 3.7306220196187487 3.8851930126547813 4.439283434301613 4.1572950929403305 14.012103542685507 4.2621952630579463 3.7712176106870166 4.5636350512504578 3.6872535645961761
leaf_count=111 56 67 112 65 105 80 68 95 88 88 85 73 88 70 56 60 68 64 229 67 59 71 58
internal_value=-0.000370955 0.00708763 0.00409762 0.0102131 0.0130023 0.00781577 0.0317959 0.00305696 0.00741842 0.0177773 0.00718701 0.0213531 -0.00705572 -0.0160165 -0.0205303 0.00348362 -0.015563 -0.000952321 -0.0273965 -0.0171637 -0.00668753 -0.0195558 -0.0267159
internal_weight=128.701 87.2653 82.7812 63.2522 59.0138 52.0868 8.33927 43.7475 38.6333 22.4774 16.2748 10.4806 16.1559 41.4353 34.1018 7.61582 19.5289 8.59658 26.4859 12.4738 8.03341 10.2491 10.9324
internal_count=1983 1331 1264 962 897 792 124 668 588 341 246 158 247 652 541 116 302 132 425 196 126 159 170
is_linear=0
shrinkage=0.0343227


Tree=3
num_leaves=24
num_cat=0
split_feature=19 3 1 9 2 18 108 3 18 18 9 108 16 108 9 17 3 16 2 20 9 16 16
split_gain=12.3808 16.837 11.3105 6.67722 6.32621 4.01245 3.65648 5.26881 3.42819 3.63074 3.83751 3.26338 3.00766 2.69467 2.81348 2.41445 2.33609 2.32722 2.0831 2.03679 1.31763 1.13805 2.60167
threshold=36.904166666666676 0.84891136372984455 -0.71334715305892027 2.5000000000000004 55.500000000000007 6.5000000000000009 0.24038461538461678 0.87992785144493035 3.5000000000000004 -1.0000000180025095e-35 4.5000000000000009 -0.68990384615384659 7.5000000000000009 -1.3229166666666676 2.5000000000000004 461.00000000000006 -0.54181969152894693 7.5000000000000009 56.500000000000007 -0.079644198259605101 3.5000000000000004 5.5000000000000009 3.5000000000000004
decision_type=2 2 2 2 2 2 2 2 2 2 2 2 2 2 2 2 2 2 2 2 2 2 2
left_child=2 17 3 -1 12 6 -6 8 9 -8 -11 -5 13 -4 -15 -14 -17 -2 -9 -13 -7 22 -16
right_child=1 -3 4 11 5 20 7 18 -10 10 -12 19 15 14 21 16 -18 -19 -20 -21 -22 -23 -24
leaf_value=-0.012175668309254191 0.018616817443932669 0.084229864664571746 -0.028796153246606997 0.050858767287159976 -0.025724100634791251 -0.034166789428817075 0.030458944792829436 0.0044880339417601861 0.042153186430013118 0.013486059525624384 -0.026660412282397954 0.00068454578232615769 -0.035810177709892768 0.0203205536423441 -0.017510982343102475 0.00014823884126427794 -0.029405473680415722 -0.017185652581056397 -0.023966468360236966 0.032307184975901494 -0.0073621648992142257 -0.025363944881047502 0.018568149361669565
leaf_weight=5.7105811722576645 4.218352369964121 4.302091546356678 5.4330988712608841 5.6670696511864671 3.8215493932366362 4.0431770943105203 6.4746877364814273 5.7678896896541101 5.0406407862901679 7.390715125948196 4.1109539903700352 4.5544658899307251 13.094439193606378 4.6833054423332241 5.6091345734894258 6.4977439492940903 5.8079692795872671 3.7571769692003727 5.9003739655017853 4.7992559298872912 4.7249921336770058 3.6543208062648764 3.6154063679277897
leaf_count=89 63 56 89 78 62 66 96 88 75 109 62 69 221 70 89 103 91 59 93 68 73 57 57
internal_value=-0.000370869 0.0319791 -0.00385734 0.0189504 -0.008844 9.91312e-05 0.00490216 0.00847045 0.0179159 0.0105324 -0.00117982 0.0307906 -0.0175262 -0.00837022 -0.00166916 -0.0256185 -0.0141725 0.00173897 -0.0101437 0.0174153 -0.0204522 -0.00994943 -0.00322926
internal_weight=128.679 12.2776 116.402 20.7314 95.6704 47.275 38.5068 34.6853 23.017 17.9764 11.5017 15.0208 48.3954 22.9953 17.5622 25.4002 12.3057 7.97553 11.6683 9.35372 8.76817 12.8789 9.22454
internal_count=1983 178 1805 304 1501 724 585 523 342 267 171 215 777 362 273 415 194 122 181 137 139 203 146
is_linear=0
shrinkage=0.0343227


Tree=4
num_leaves=26
num_cat=0
split_feature=19 3 1 2 9 18 3 17 1 3 17 17 20 18 108 104 19 20 19 18 19 16 16 17 15
split_gain=12.115 13.0465 8.80558 7.18131 6.46296 6.21355 4.48713 4.35757 3.43353 2.54328 2.50343 6.65373 2.46931 2.32906 2.72472 2.31688 2.3147 3.66481 4.28886 2.26734 3.07886 1.68774 1.50635 2.06134 1.36666
threshold=38.775000000000013 0.73725684727427632 -0.37477555127650986 55.500000000000007 2.5000000000000004 3.5000000000000004 -0.11140653356732726 463.00000000000006 0.066183283816211066 -0.49325655760326886 465.00000000000006 479.00000000000006 -0.072841030837843726 3.5000000000000004 0.62019230769230671 1.0000000180025095e-35 -6.5393939393939595 0.89058102063127687 13.224999999999996 -1.0000000180025095e-35 3.3541666666666576 4.5000000000000009 7.5000000000000009 435.00000000000006 1650.0000000000002
decision_type=2 2 2 2 2 2 2 2 2 2 2 2 2 2 2 2 2 2 2 2 2 2 2 2 2
left_child=2 -2 4 16 9 7 -7 -6 10 -1 15 12 -12 14 -13 -5 22 18 19 -18 -21 -10 23 -4 -23
right_child=1 -3 3 8 5 6 -8 -9 21 -11 11 13 -14 -15 -16 -17 17 -19 -20 20 -22 24 -24 -25 -26
leaf_value=-0.033873535765898695 -0.0015424581178589464 0.072374778717345559 0.00098788469076870793 -0.022111991219858778 0.0098902779749258252 0.021366157760961766 -0.026009251157944686 0.053408545370794043 0.0049305167344160569 0.0047719226361600591 0.017218747223303677 -0.01077050954373804 0.057939154532061367 -0.020143670683948161 0.026442229141781931 0.011355095372960188 -0.034152655961235068 -0.034781478354024703 0.023023595780287971 0.015524787982816063 -0.025331977006082688 -0.007752827008018293 -0.035596419417202388 -0.029416953638098185 -0.034458572678353727
leaf_weight=3.513094000518322 5.8371396549046022 5.1037244573235512 4.5315815284848231 5.0863431505858916 4.3229632191360015 5.1637245900928974 3.8342636190354806 7.779241468757391 4.0662583708763114 4.0918398685753372 3.7075441777706146 4.052038196474312 3.7898821420967606 4.4496263638138762 4.7393285483121872 4.1886153109371662 3.9294206164777306 5.2849484458565703 5.0449113622307769 4.5014169178903121 3.6683027446269989 4.8026281744241697 10.859144013375042 5.8834004625678062 4.3787209652364254
leaf_count=56 90 64 72 78 64 73 57 111 63 65 57 61 56 68 70 63 63 85 80 72 59 76 187 95 69
internal_value=-5.37605e-05 0.0339619 -0.00335171 -0.00878953 0.0130421 0.0227364 0.000988292 0.0384862 0.00113316 -0.0136954 0.00754544 0.0141112 0.0392565 -0.000687634 0.00950349 -0.00711723 -0.0185519 -0.0106378 -0.00271937 -0.0137541 -0.00307074 -0.0132379 -0.0266284 -0.0165345 -0.0211846
internal_weight=126.61 10.9409 115.669 86.9641 28.7051 21.1002 8.99799 12.1022 43.261 7.60493 30.0134 20.7384 7.49743 13.241 8.79137 9.27496 43.7031 22.429 17.1441 12.0991 8.16972 13.2476 21.2741 10.415 9.18135
internal_count=1954 154 1800 1374 426 305 130 175 661 121 453 312 113 199 131 141 713 359 274 194 131 208 354 167 145
is_linear=0
shrinkage=0.0343227


Tree=5
num_leaves=26
num_cat=0
split_feature=19 3 1 2 9 16 16 1 3 17 17 19 19 19 18 19 104 18 108 20 16 16 17 16 19
split_gain=11.0613 11.2385 8.21818 6.86939 5.93891 5.82192 8.57772 3.22798 2.46925 2.31608 5.97694 2.26751 3.60669 4.06426 2.21521 2.91645 2.20205 2.2013 2.50097 2.10208 1.61998 1.5097 2.00342 1.38968 0.11121
threshold=38.775000000000013 0.73725684727427632 -0.37477555127650986 55.500000000000007 2.5000000000000004 4.5000000000000009 9.5000000000000018 0.066183283816211066 -0.49325655760326886 465.00000000000006 479.00000000000006 -6.5393939393939595 22.687500000000004 13.224999999999996 -1.0000000180025095e-35 3.3541666666666576 1.0000000180025095e-35 3.5000000000000004 0.62019230769230671 -0.072841030837843726 4.5000000000000009 7.5000000000000009 435.00000000000006 9.5000000000000018 -6.5393939393939595
decision_type=2 2 2 2 2 2 2 2 2 2 2 2 2 2 2 2 2 2 2 2 2 2 2 2 2
left_child=2 -2 4 11 8 -6 24 9 -1 16 19 21 13 14 -13 -16 -5 18 -12 -11 -9 22 -4 -22 -7
right_child=1 -3 3 7 5 6 -8 20 -10 10 17 12 -14 -15 15 -17 -18 -19 -20 -21 23 -23 -24 -25 -26
leaf_value=-0.033717581357275435 -0.0014940514321755214 0.066152510835067152 0.0009553293315431781 -0.021790073985454742 0.047295917785122397 -0.0094878788535603335 0.036493427899507394 0.0047539201975836101 0.0046014311298077683 0.01644213238725075 -0.01051805053486423 -0.034002362836788445 -0.034674021721526019 0.022227990419518052 0.014834504827237603 -0.025040532239013476 0.010890837090617018 -0.019820465851983913 0.02504375602590618 0.053551022217142745 -0.034363233915600935 -0.035488599229499568 -0.029168887696972807 -0.0072561772813915281 -0.019088924547648007
leaf_weight=3.4113720953464508 5.8293992653489095 5.4148883372545242 4.5354533307254332 4.9904899932444113 6.7346966974437263 3.8343849629163778 6.8365625143051147 4.0835329480469218 4.1087521202862289 3.762751366943121 4.0148248933255655 3.8146531619131592 5.1603669561445704 5.113445881754159 4.5622264854609984 3.5885492935776711 4.2294892482459545 4.3732576146721831 4.8472344428300858 3.9810530915856388 4.2965413294732553 10.524988766759632 5.7349451184272766 4.7241169176995754 4.0991389825940079
leaf_count=56 90 64 72 78 95 56 97 63 65 57 61 63 85 80 72 59 63 68 70 56 69 187 95 76 57
internal_value=-6.58005e-05 0.0319652 -0.00326354 -0.0085718 0.0124517 0.0215581 0.00910623 0.00108913 -0.0134152 0.0072517 0.0134939 -0.0182326 -0.0103962 -0.00258307 -0.0134738 -0.0029901 -0.00692906 -0.000673821 0.00911826 0.0368203 -0.0129553 -0.0263428 -0.0162204 -0.0208658 -0.0149694
internal_weight=126.607 11.2443 115.363 86.3379 29.0249 21.5048 14.7701 43.3033 7.52012 30.1991 20.9791 43.0346 22.2392 17.0789 11.9654 8.15078 9.21998 13.2353 8.86206 7.7438 13.1042 20.7954 10.2704 9.02066 7.93352
internal_count=1954 154 1800 1374 426 305 210 661 121 453 312 713 359 274 194 131 141 199 131 113 208 354 167 145 113
is_linear=0
shrinkage=0.0343227


Tree=6
num_leaves=25
num_cat=0
split_feature=19 3 1 2 18 17 3 108 17 1 19 20 20 18 20 17 17 18 108 3 15 19 16 17
split_gain=10.1182 9.75109 7.67261 6.56903 3.35117 4.41262 4.12276 4.58966 3.51723 3.03498 2.21988 3.51983 3.81357 3.17236 2.1934 2.58241 6.61073 2.1315 2.40418 1.65443 1.57058 1.54162 1.51249 1.94663
threshold=38.775000000000013 0.73725684727427632 -0.37477555127650986 55.500000000000007 2.5000000000000004 463.00000000000006 -0.11140653356732726 -1.0312499999999998 489.00000000000006 0.066183283816211066 -6.5393939393939595 0.89058102063127687 0.62912659703877094 -1.0000000180025095e-35 -0.9292276235909801 479.00000000000006 469.00000000000006 3.5000000000000004 0.62019230769230671 0.81226656674059861 1650.0000000000002 3.3541666666666576 7.5000000000000009 435.00000000000006
decision_type=2 2 2 2 2 2 2 2 2 2 2 2 2 2 2 2 2 2 2 2 2 2 2 2
left_child=2 -2 4 10 5 -1 7 -6 -7 14 22 12 13 -12 -5 16 19 18 -17 -16 -11 -15 23 -4
right_child=1 -3 3 9 6 8 -8 -9 -10 20 11 -13 -14 21 15 17 -18 -19 -20 -21 -22 -23 -24 -25
leaf_value=-0.0015881839518642274 -0.0014471092046452565 0.060791734062636958 0.00092386869878576319 -0.016909806113940308 -0.010627437148008928 0.051954336627443379 -0.023086310967358626 0.04029781759094158 0.010567152199702959 -0.000956300689492575 -0.034245456777605245 -0.034544655051881645 0.027460440955691501 0.014182833520476152 0.017084784512282014 -0.010269712743999834 0.049154545388509871 -0.019498608708106581 0.024639657508142638 -0.012862981169716117 -0.024620112188915556 -0.013110640294085535 -0.035382860843211586 -0.028920103624752443
leaf_weight=5.8234382607042852 5.8219097703695279 5.7114184871315956 4.5392001941800135 3.6886240802705315 4.0019936971366405 5.9752094969153386 5.4566073790192586 3.8332314677536488 4.2426899932324886 6.7090455852448923 4.2900439351797131 5.0137074030935755 3.6043137498199931 4.6209674216806906 3.71249793097377 3.9787548966705781 5.3885773457586756 4.2991734817624083 4.8756217584013939 4.4330636262893677 6.2559867314994335 4.5252145044505596 10.200632017105816 5.5908626466989517
leaf_count=87 90 64 72 57 58 82 83 56 60 107 72 85 56 72 56 61 75 68 69 67 101 74 187 95
internal_value=-7.77409e-05 0.0301429 -0.00317837 -0.00835937 0.0118937 0.0223019 -0.000885139 0.0148606 0.0355704 0.00104614 -0.0179162 -0.0101597 -0.00250591 -0.0109737 0.00697081 0.0104245 0.0207754 -0.000454192 0.00913256 0.000909739 -0.0126769 0.000691588 -0.0260569 -0.0159095
internal_weight=126.593 11.5333 115.059 85.7263 29.3332 16.0413 13.2918 7.83523 10.2179 43.3413 42.3849 22.0542 17.0405 13.4362 30.3763 26.6877 13.5341 13.1536 8.85438 8.14556 12.965 9.14618 20.3307 10.1301
internal_count=1954 154 1800 1374 426 229 197 114 142 661 713 359 274 218 453 396 198 198 130 123 208 146 354 167
is_linear=0
shrinkage=0.0343227


Tree=7
num_leaves=24
num_cat=0
split_feature=17 1 3 3 7 17 17 7 9 16 1 15 17 18 20 17 15 9 98 108 1 3 3
split_gain=9.30101 9.32744 10.2165 3.63125 12.0524 6.08911 4.40785 6.88421 3.63305 3.14044 4.86013 3.95751 3.69032 2.85018 3.95042 3.70233 2.72355 2.92799 2.62021 2.59668 1.97932 1.53605 0.788734
threshold=461.00000000000006 0.066183283816211066 1.0985608274540677 0.56787110794270768 1.0000000180025095e-35 471.00000000000006 473.00000000000006 1.0000000180025095e-35 4.5000000000000009 7.5000000000000009 -0.61210627042436305 1300.0000000000002 445.00000000000006 4.5000000000000009 0.031601528922265983 501.00000000000006 1750.0000000000002 4.5000000000000009 1.0000000180025095e-35 0.28174603174603169 -0.056821901403872305 -0.42499513626710173 0.7603333301632994
decision_type=2 2 2 2 2 2 2 2 2 2 2 2 2 2 2 2 2 2 2 2 2 2 2
left_child=9 2 3 4 5 -2 -5 8 -8 11 -11 -1 -13 14 -3 -16 -6 -18 20 21 -7 -20 -12
right_child=1 13 -4 6 16 18 7 -9 -10 10 22 12 -14 -15 15 -17 17 -19 19 -21 -22 -23 -24
leaf_value=-0.025345368336820644 0.048723898044939602 -0.028034597217710528 0.06184490109609448 -0.010289208147142086 -0.035463562237848703 0.04122624383415871 -0.008968522436597853 0.059092203707489514 0.033126952260683747 0.012850484202363906 -0.035582082854130316 0.02414890958526645 -0.011093363620873362 -0.030824762058439731 0.030473764610704394 -0.012718780512417958 -0.022976454479208507 0.014859135482740387 0.0021827488570672826 0.017444034786859564 0.0064689029539761467 -0.026497491288023159 -0.014745707783404258
leaf_weight=6.6491783671081093 5.4301027916371849 4.9266090020537403 4.2957616597414008 3.9512305818498161 7.0450583212077644 3.7727224044501781 4.9453261159360391 5.5115658342838278 4.2383366897702217 3.3612181805074242 12.510969690978525 6.6319837719202024 6.8036576993763447 7.1479659117758265 4.4518457576632482 4.349318154156208 5.4233623072504979 3.8878753483295441 4.3569279499351996 5.5704479105770597 3.9212472774088392 4.0538193695247138 3.3193754665553561
leaf_count=106 81 81 55 57 107 52 70 77 58 50 230 105 109 112 71 63 84 60 65 82 63 62 54
internal_value=-8.47728e-05 0.00615555 0.012438 0.00873647 0.00324499 0.0172182 0.021279 0.0298035 0.0108973 -0.0138928 -0.0237135 -0.00429546 0.00645185 -0.0137201 -0.00433957 0.00941672 -0.0198029 -0.00720797 0.00876128 -0.000197468 0.0244302 -0.0120822 -0.0315728
internal_weight=126.556 87.2795 66.4038 62.108 43.4616 27.1053 18.6465 14.6952 9.18366 39.2764 19.1916 20.0848 13.4356 20.8757 13.7278 8.80116 16.3563 9.31124 21.6752 13.9812 7.69397 8.41075 15.8303
internal_count=1954 1300 973 918 656 405 262 205 128 654 334 320 214 327 215 134 251 144 324 209 115 127 284
is_linear=0
shrinkage=0.0343227


Tree=8
num_leaves=24
num_cat=0
split_feature=30 17 1 3 3 15 19 18 20 1 108 3 108 20 108 15 20 17 19 16 16 19 20
split_gain=11.4647 8.31715 7.86792 5.78183 4.89289 5.19304 4.27985 4.0826 5.29274 3.22456 5.06924 2.55299 5.33554 4.41042 3.2999 3.93774 2.69108 8.14376 1.92033 1.60759 1.83138 2.16672 1.20795
threshold=4.5000000000000009 461.00000000000006 0.1998825647797309 -1.5270688222806894 1.0985608274540677 1950.0000000000002 15.854166666666659 4.5000000000000009 0.27466407821910316 -0.72443459671918198 0.73214285714285776 -0.43093819137784251 0.43303571428571536 0.13386598462966429 -0.68990384615384659 1500.0000000000002 0.54634110574219907 473.00000000000006 30.690476190476208 7.5000000000000009 3.5000000000000004 -22.837500000000002 0.71383492488885691
decision_type=2 2 2 2 2 2 2 2 2 2 2 2 2 2 2 2 2 2 2 2 2 2 2
left_child=-1 9 3 -3 5 11 -7 8 -4 -2 19 14 13 -13 15 -5 17 -14 -18 20 -11 -22 -15
right_child=1 2 7 4 -6 6 -8 -9 -10 10 -12 12 16 22 -16 -17 18 -19 -20 -21 21 -23 -24
leaf_value=0.053814315314771488 0.0081773087597063997 -0.022970743157614115 -0.028189737733964448 -0.01041130912683624 0.04764366447418867 0.0095173789978192803 -0.034872472438259187 -0.035272810070697713 0.016898945389944832 -0.034252100529120116 0.0064083196341487656 0.019257963901289178 -0.0049015973085940962 -0.03434658774903062 0.049175621480552927 0.036124266111241053 -0.0058930728775151179 0.054378827727107407 0.023704849893603334 -0.035433800514385147 0.0090935073451345223 -0.025295761779068993 -0.0085717504686027585
leaf_weight=4.3485696874558917 6.0097096078097811 5.3793185353279105 5.0405875109136122 3.9927138499915582 4.2472636438906184 5.093310281634329 4.6411031559109688 6.8134084232151499 6.8983002379536629 4.3599835187196794 7.0909597128629676 4.7805928103625837 4.3104819767177123 3.8857427239418012 4.9926047325134197 4.0681775286793709 5.5616275370120984 6.9278237596154213 4.3699215762317181 11.776063323020933 4.4278317503631106 3.7054324448108664 4.9511810541152954
leaf_count=64 88 82 84 61 52 75 68 110 104 74 111 73 63 58 71 60 82 94 59 225 71 63 79
internal_value=0.00092128 -0.00107138 0.00480755 0.0102906 0.0132829 0.0105115 -0.0120611 -0.0146928 -0.00236446 -0.0145232 -0.0189101 0.0151516 0.0101399 -0.00653839 0.0279733 0.0135331 0.0208091 0.0321108 0.007447 -0.0262954 -0.0170452 -0.00692039 -0.0206698
internal_weight=127.673 123.324 85.9542 67.2019 61.8225 57.5753 9.73441 18.7523 11.9389 37.37 31.3603 47.8409 34.7874 13.6175 13.0535 8.06089 21.1699 11.2383 9.93155 24.2693 12.4932 8.13326 8.83692
internal_count=1971 1907 1275 977 895 843 143 298 188 632 544 700 508 210 192 121 298 157 141 433 208 134 137
is_linear=0
shrinkage=0.0343227


Tree=9
num_leaves=24
num_cat=0
split_feature=30 17 1 3 3 15 19 18 20 1 108 29 17 3 20 9 19 19 29 108 3 3 108
split_gain=10.2832 7.84777 7.36064 5.40898 4.34036 4.80739 4.13201 3.9888 5.01207 3.10742 5.25934 2.50287 4.85602 5.45359 3.79645 3.18805 2.41262 1.97031 1.52877 1.45485 1.19342 0.801848 1.35626
threshold=4.5000000000000009 461.00000000000006 0.1998825647797309 -1.5270688222806894 1.0985608274540677 1950.0000000000002 15.854166666666659 4.5000000000000009 0.27466407821910316 -0.54650500631178078 0.73214285714285776 2.0046575038578262e-15 489.00000000000006 0.67288069075916646 1.2635295998197233 6.5000000000000009 -10.369318181818185 -0.5393939393939603 1.7950992248007859e-15 0.58578431372549045 0.35335069633153765 -0.91220426748657257 -1.5812500000000005
decision_type=2 2 2 2 2 2 2 2 2 2 2 2 2 2 2 2 2 2 2 2 2 2 2
left_child=-1 9 3 -3 5 11 -7 8 -4 -2 18 12 15 14 20 16 -5 -18 21 -19 -14 22 -11
right_child=1 2 7 4 -6 6 -8 -9 -10 10 -12 -13 13 -15 -16 -17 17 19 -20 -21 -22 -23 -24
leaf_value=0.049879343351003906 0.0058912085874391505 -0.022649066947513095 -0.027928160903964747 0.0042556254092639325 0.044453984416884161 0.0091377575560223721 -0.034717771149081818 -0.035143093697232175 0.016115952402974684 -0.033263961289222127 0.006593363814061109 0.034662140605708908 -0.035067371832531301 0.027052098868481669 0.013912736908622355 -0.0027326301355837428 0.053552535421148087 0.013020889122459953 -0.004956705161783757 0.039647398590384721 -0.0093974443291915521 -0.035659693392898942 -0.0016929324827578596
leaf_weight=4.5508296415209761 7.1495915092527857 5.274604056030511 4.918143320828678 4.1218391731381407 4.4145028069615355 5.13470461219549 4.5054791681468487 6.6085049249231806 6.9981412291526794 3.2583959847688675 7.057438399642705 6.0635233893990508 5.5161508768796939 5.1874852143228045 3.9711691513657561 5.0126838013529769 4.3508583456277838 6.0848343968391472 3.3130558393895617 4.2974327243864536 3.829328179359436 13.155002623796465 2.9768626727163854
leaf_count=64 106 82 84 61 52 75 68 110 104 62 110 87 84 69 62 73 59 90 60 58 57 239 55
internal_value=0.000880127 -0.00104801 0.00461957 0.00985917 0.0126993 0.0100669 -0.011793 -0.014397 -0.00230439 -0.0142273 -0.0190712 0.0144641 0.0113477 -0.00185579 -0.0134689 0.0214788 0.0278568 0.0342403 -0.0270309 0.0248555 -0.0251758 -0.030668 -0.0189697
internal_weight=127.751 123.2 86.2894 67.7646 62.49 58.0755 9.64018 18.5248 11.9163 36.9103 29.7608 48.4353 42.3718 18.5041 13.3166 23.8676 18.855 14.7331 22.7033 10.3823 9.34548 19.3903 6.23526
internal_count=1971 1907 1275 977 895 843 143 298 188 632 526 700 613 272 203 341 268 207 416 148 141 356 117
is_linear=0
shrinkage=0.0343227


Tree=10
num_leaves=24
num_cat=0
split_feature=30 17 1 3 108 3 108 3 19 19 18 20 19 108 20 16 1 108 17 29 16 3 108
split_gain=9.25286 7.4056 6.89228 5.06545 4.00494 4.26391 5.88784 5.12719 4.96104 4.19407 3.89642 4.74859 3.58444 3.30057 4.89498 4.5119 2.9758 5.08865 1.59621 1.50941 1.32992 0.809282 1.3308
threshold=4.5000000000000009 461.00000000000006 0.1998825647797309 -1.5270688222806894 1.3944444444444424 -0.43093819137784251 -0.71825396825396826 0.25995188897015542 13.224999999999996 13.832167832167842 4.5000000000000009 0.27466407821910316 39.17788461538462 0.59411764705882331 -0.072841030837843726 8.5000000000000018 -0.54650500631178078 0.73214285714285776 489.00000000000006 1.7950992248007859e-15 8.5000000000000018 -0.91220426748657257 -1.5812500000000005
decision_type=2 2 2 2 2 2 2 2 2 2 2 2 2 2 2 2 2 2 2 2 2 2 2
left_child=-1 16 3 -3 5 6 9 18 13 -5 11 -4 20 14 -9 -15 -2 19 -7 21 -10 22 -18
right_child=1 2 10 4 -6 7 -8 8 12 -11 -12 -13 -14 15 -16 -17 17 -19 -20 -21 -22 -23 -24
leaf_value=0.046385875791721279 0.0056693948180333176 -0.022327787298063343 -0.027665789679945339 -0.011306373237013551 0.044139642512961985 -0.0043107638892343368 0.052418106818578683 0.010147442854053265 -0.02449888496085988 0.032800702512409102 -0.035015364068342741 0.015379337462154107 0.019518202756840179 -0.015055028768867527 0.061935993519234664 0.030356409562192661 -0.033118156431832808 0.006341194580224736 -0.034276136294262793 -0.0048204539433041958 -0.0017310727638898162 -0.035560158277696298 -0.0016424701604210402
leaf_weight=4.7449123561382285 7.1855608597397795 5.1730005219578734 4.799325395375492 5.4419420845806581 4.0202371105551711 4.2396389693021757 5.5552010759711257 4.2907987423241138 6.0836232490837592 4.2834861502051353 6.4095123447477809 7.0944419912993908 5.2862243689596644 4.8230297937989217 4.312492001801731 4.9178533442318439 3.1633934490382671 7.0975857563316813 4.0374797061085701 3.2986107245087615 5.8312544301152229 12.746949832886459 2.9724147804081502
leaf_count=64 106 82 84 79 49 64 75 62 92 66 110 104 67 66 62 64 62 110 64 60 85 239 55
internal_value=0.0008439 -0.00102188 0.0044439 0.00945559 0.0121547 0.00976455 0.0251926 0.00424854 0.00992646 0.00852512 -0.0141057 -0.00224636 -0.0033132 0.0221929 0.0373334 0.0080963 -0.0139321 -0.0187514 -0.0196232 -0.0267577 -0.013676 -0.030453 -0.0186666
internal_weight=127.809 123.064 86.5995 68.2963 63.1233 59.103 15.2806 43.8224 35.5453 9.72543 18.3033 11.8938 17.2011 18.3442 8.60329 9.74088 36.4645 29.279 8.27712 22.1814 11.9149 18.8828 6.13581
internal_count=1971 1907 1275 977 895 846 220 626 498 145 298 188 244 254 124 130 632 526 128 416 177 356 117
is_linear=0
shrinkage=0.0343227


Tree=11
num_leaves=25
num_cat=0
split_feature=34 17 1 17 19 19 2 18 20 15 1 28 17 16 9 18 18 20 3 1 16 3 20 1
split_gain=8.7625 7.17037 6.97033 7.49429 5.25754 6.97671 4.18643 4.82218 4.15549 3.79761 2.97181 3.74761 5.52563 5.35126 2.88062 2.76883 2.25999 3.17936 1.84068 1.20085 1.2959 0.960387 0.354029 0.165056
threshold=37.95000000000001 451.00000000000006 0.37957669924094101 525.00000000000011 24.066666666666666 36.904166666666676 53.500000000000007 8.5000000000000018 -0.37067321776887313 1950.0000000000002 -0.4530508137797658 11.500000000000002 479.00000000000006 10.500000000000002 5.5000000000000009 1.0000000180025095e-35 4.5000000000000009 0.27466407821910316 0.40188189330126295 -0.69962166127018388 5.5000000000000009 0.16973892487570766 0.086440328123491242 -0.35142921076219708
decision_type=2 2 2 2 2 2 2 2 2 2 2 2 2 2 2 2 2 2 2 2 2 2 2 2
left_child=-1 9 3 4 6 -6 -3 8 14 19 15 12 13 22 21 -10 17 -4 -14 -2 -21 -8 -12 -9
right_child=1 2 16 -5 5 -7 7 23 10 -11 11 -13 18 -15 -16 -17 -18 -19 -20 20 -22 -23 -24 -25
leaf_value=0.040147996986635119 -0.0041404077788947512 -0.018203511285246107 -0.02767052509215966 0.05031669099087218 -0.032115458091468999 0.013308686329180716 0.0010043780512963214 -0.018295534156276473 0.056325448317454098 0.015032610781932222 0.062658056035533857 -0.013036459998532287 -0.016547132880882335 0.0041936546084540794 0.021738981346907316 0.018921557252664378 -0.034714904715184618 0.0088932011834071765 0.012740481691415572 -0.014600504275812219 -0.035308456499434766 -0.021891671891114795 0.038592894591859106 -0.0072228160344281027
leaf_weight=6.0367097705602637 3.1538405418396058 5.8333664163947097 4.849958188831808 4.1218879595398894 9.1694614812731725 6.6443485766649237 3.6110230199992568 3.944895226508379 4.5677521079778654 3.2262516655027857 3.9306138493120795 4.4269322939217082 3.6314959451556188 4.1176246367394924 3.9735785089433184 5.3837092556059361 5.5611902400851241 5.9016864970326424 6.7806939035654068 6.4372957460582283 10.111391473561524 4.9674851186573505 3.920864399522543 3.556163176894187
leaf_count=84 45 96 88 56 144 86 57 58 59 54 55 64 58 61 60 73 98 86 94 111 195 74 57 58
internal_value=0.000808286 -0.00123608 0.00278687 0.00684639 0.00437752 -0.0131388 0.00884122 0.0117001 0.0155975 -0.0183972 0.0213784 0.0151358 0.0208081 0.036413 -0.00143744 0.0372494 -0.0175136 -0.00790729 0.0023463 -0.0240163 -0.0276614 -0.012549 0.0525248 -0.0135313
internal_weight=127.86 121.824 98.8947 82.5819 78.46 15.8138 62.6462 56.8128 49.3118 22.9288 36.7597 26.8082 22.3813 11.9691 12.5521 9.95146 16.3128 10.7516 10.4122 19.7025 16.5487 8.57851 7.85148 7.50106
internal_count=1971 1887 1482 1210 1154 230 924 828 712 405 521 389 325 173 191 132 272 174 152 351 306 131 112 116
is_linear=0
shrinkage=0.0343227


Tree=12
num_leaves=26
num_cat=0
split_feature=17 1 3 34 27 19 9 3 18 1 17 1 3 16 3 17 16 1 15 17 17 3 3 108 9
split_gain=10.1643 9.25156 8.35235 3.49082 4.86717 3.50877 4.9132 4.84002 4.98435 4.85822 3.14228 3.62597 5.54404 3.00497 2.68181 2.63027 2.47487 2.68251 2.67347 2.46302 2.04224 1.55702 1.04223 0.764589 0.553386
threshold=461.00000000000006 0.066183283816211066 1.1316755594010695 38.350000000000001 0.080128205128205135 10.354166666666659 5.5000000000000009 -0.5682236036220677 1.0000000180025095e-35 -0.1568994712709279 489.00000000000006 1.2855172318395918 0.79953643290116194 4.5000000000000009 0.71759060274287678 475.00000000000006 5.5000000000000009 -0.76365501732068186 1300.0000000000002 499.00000000000006 447.00000000000006 -0.62016279453875323 -1.0793316441546665 0.73214285714285776 2.5000000000000004
decision_type=2 2 2 2 2 2 2 2 2 2 2 2 2 2 2 2 2 2 2 2 2 2 2 2 2
left_child=16 2 3 4 5 7 13 22 15 -10 -3 12 -12 -7 21 -9 18 -18 -1 -8 -20 -15 -2 24 -19
right_child=1 10 -4 -5 -6 6 19 8 9 -11 11 -13 -14 14 -16 -17 17 23 20 -21 -22 -23 -24 -25 -26
leaf_value=-0.026060944890932098 0.0059401413553202649 -0.031036794707684816 0.057394083571364364 -0.020119713363108145 0.035445987731996628 0.012369024848611082 0.0020848097414308173 -0.012277628501203029 0.017648701642258621 0.068093347217065961 -0.017899265495902771 -0.027486141978669096 0.037535024749146266 -0.0072583064324720026 0.0057009637864941986 0.024576106865049234 0.0023655986894277506 -0.018009210282731048 0.02005476962500493 0.039082849024829593 -0.011132179003792866 -0.035459192906818822 -0.018286128557222607 -0.013754623809637016 -0.035306260102431881
leaf_weight=3.9852975271642199 3.9468408487737179 7.876679819077256 4.1181446015834799 4.378772407770156 7.8456658795475951 4.7589152529835763 4.3674093559384328 4.2543438449502009 4.9086581468582189 4.3578414507210201 3.947941377758978 4.3960269503295422 3.9869147427380085 3.5467262752354136 3.9359896741807452 4.3001965805888176 4.3285219222307196 4.0488794036209645 5.319978788495062 3.8825649991631508 4.15272032096982 7.4577444344758979 3.893822897225621 4.634214185178279 10.984268099069594
leaf_count=68 60 138 45 63 103 67 65 58 70 59 67 66 61 56 53 56 63 80 85 54 69 117 54 73 219
internal_value=-0.000469898 0.00577432 0.0116784 0.00856845 0.0107013 0.00690087 -0.00152279 0.015986 0.0257433 0.0427795 -0.0145345 -0.00350071 0.0103108 -0.0108169 -0.0183015 0.00645539 -0.0154269 -0.0219708 -0.00353172 0.0202659 0.00646165 -0.026809 -0.00632426 -0.0272814 -0.0310964
internal_weight=127.615 90.1612 69.9536 65.8355 61.4567 53.6111 27.9493 25.6617 17.821 9.2665 20.2076 12.3309 7.93486 19.6994 14.9405 8.55454 37.4539 23.9959 13.458 8.24997 9.4727 11.0045 7.84066 19.6674 15.0331
internal_count=1969 1312 980 935 872 769 412 357 243 129 332 194 128 293 226 114 657 435 222 119 154 173 114 372 299
is_linear=0
shrinkage=0.0343227


Tree=13
num_leaves=26
num_cat=0
split_feature=17 1 3 34 27 17 1 3 16 3 7 17 108 108 15 16 1 15 7 16 17 3 108 9 19
split_gain=9.59251 8.64146 7.38473 3.2718 4.48494 3.06288 3.45311 5.07446 2.86504 4.37051 4.7016 4.12971 4.00976 3.00998 2.4965 2.39586 2.6128 2.55298 2.14337 1.91541 1.88857 1.41495 0.764215 0.560631 0.00178325
threshold=461.00000000000006 0.066183283816211066 1.1316755594010695 38.350000000000001 0.12916666666666668 489.00000000000006 1.2855172318395918 0.79953643290116194 5.5000000000000009 0.62342625740487934 1.0000000180025095e-35 497.00000000000006 -0.37980769230769335 0.31009615384615336 1750.0000000000002 5.5000000000000009 -0.76365501732068186 1300.0000000000002 1.0000000180025095e-35 13.500000000000002 447.00000000000006 0.61701121408749415 0.73214285714285776 2.5000000000000004 -7.9374999999999991
decision_type=2 2 2 2 2 2 2 2 2 2 2 2 2 2 2 2 2 2 2 2 2 2 2 2 2
left_child=15 2 3 4 8 24 7 -7 12 10 11 19 -2 -14 -12 17 -17 -1 -11 -10 -19 -15 23 -18 -3
right_child=1 5 -4 -5 -6 6 -8 -9 9 18 14 -13 13 21 -16 16 22 20 -20 -21 -22 -23 -24 -25 -26
leaf_value=-0.025778764831291146 0.04087368719606272 -0.02251100187701148 0.053236477253921943 -0.019792307632021559 0.043948415335386327 -0.017586563928938821 -0.027200470960661732 0.035257536114059865 0.034342151446091387 0.00088849402104687841 -0.035266852009581559 -0.019172387421393686 -0.014258035390773168 0.032600424352418979 -0.0049900624708779078 0.0022853551650272733 -0.017701032937701023 0.019083493458022932 0.031247727612599023 0.0032657502330275009 -0.010875435448930758 0.0062456101314251264 -0.013463204651204454 -0.035209905559639938 -0.034405070225113341
leaf_weight=3.8955242037773123 5.9815270639956024 2.9747120477259159 4.3076003268361083 4.3047461323440066 4.0413098745048037 3.8866962604224664 4.2946798279881468 4.1160362623631954 5.1251325197517854 4.4737409949302656 6.2842910327017307 4.1573183052241811 4.6700032986700526 4.2746343985199911 6.4816763810813427 4.3372291438281527 3.9843977726996007 5.4126426838338357 6.838599793612957 4.2247203327715397 4.1127306334674358 5.4267594367265701 4.5795553512871257 10.643016587942837 4.6902306079864529
leaf_count=68 83 57 45 63 52 67 66 61 72 61 97 62 66 59 100 63 80 85 88 62 69 70 73 219 81
internal_value=-0.000461874 0.00555399 0.011188 0.00822512 0.0102581 -0.0142385 -0.0034079 0.00988796 0.00769122 0.00203028 -0.00566275 0.00837727 0.0179617 0.00777708 -0.0203675 -0.0151243 -0.0216569 -0.00343855 0.0195785 0.0208447 0.00621187 0.018495 -0.0270149 -0.0308976 -0.0308227
internal_weight=127.52 90.5544 70.5921 66.2845 61.9797 19.9624 12.2974 8.00273 57.9384 37.5855 26.2731 13.5072 20.3529 14.3714 12.766 36.9651 23.5442 13.4209 11.3123 9.34985 9.52537 9.70139 19.207 14.6274 7.66494
internal_count=1969 1312 980 935 872 332 194 128 820 542 393 196 278 195 197 657 435 222 149 134 154 129 372 299 138
is_linear=0
shrinkage=0.0343227


Tree=14
num_leaves=27
num_cat=0
split_feature=17 1 3 34 27 19 9 3 18 1 16 17 1 3 17 17 16 1 15 17 17 3 17 9 9 19
split_gain=9.0494 8.08244 8.13852 3.02054 4.12074 3.18352 4.62057 4.34087 4.23282 3.6526 3.0045 2.98726 3.28891 4.65373 2.67834 2.42144 2.31815 2.54419 2.43797 2.22813 1.74788 0.996148 0.768214 0.526955 0.44727 0.00616095
threshold=461.00000000000006 0.066183283816211066 1.1415512237705503 38.350000000000001 0.080128205128205135 10.354166666666659 5.5000000000000009 -0.5682236036220677 1.0000000180025095e-35 -0.1568994712709279 3.5000000000000004 489.00000000000006 1.2855172318395918 0.79953643290116194 495.00000000000006 475.00000000000006 5.5000000000000009 -0.76365501732068186 1300.0000000000002 499.00000000000006 447.00000000000006 -1.0793316441546665 455.00000000000006 2.5000000000000004 3.5000000000000004 -7.9374999999999991
decision_type=2 2 2 2 2 2 2 2 2 2 2 2 2 2 2 2 2 2 2 2 2 2 2 2 2 2
left_child=16 2 3 4 5 7 10 21 15 -10 -7 25 13 -13 -12 -9 18 -18 -1 -8 -20 -2 23 -19 -16 -3
right_child=1 11 -4 -5 -6 6 19 8 9 -11 14 12 -14 -15 24 -17 17 22 20 -21 -22 -23 -24 -25 -26 -27
leaf_value=-0.02549604137524113 0.0053702065953018779 -0.02221668872438981 0.055497318941339954 -0.019466480310278794 0.031773307301557321 0.015640632756969228 0.0016574029111093328 -0.012254060180949503 0.016733047821177245 0.059570984641389942 -0.00046098108295217557 -0.017275822137620706 -0.026914597614559853 0.03318015914513299 -0.035120389366565002 0.022882041927934606 0.0022079683202440052 -0.018017166063784992 0.018173919283157803 0.036433492796291794 -0.010622680054908755 -0.018262779254124548 -0.013328840228389776 -0.035189619519196656 -0.017226022037390331 -0.03426814303424313
leaf_weight=3.8084172271192065 3.9998706169426441 2.915717788040638 4.186640962958335 4.232913374900817 8.2526046559214574 3.7859260700643125 4.4141343347728235 4.2499882169067877 4.9910114072263276 4.753481466323132 6.565578959882262 3.8273064754903299 4.1962625719606867 4.2403705306351185 5.7307616360485536 4.4206945523619652 4.3456543870270243 4.0317629128694596 5.502050716429947 4.0248733498156071 4.0739761292934418 3.8880075775086906 4.6307106092572203 10.097988352179526 3.7104647383093834 4.5509700700640705
leaf_count=68 60 57 42 63 103 51 65 58 70 60 99 67 66 61 90 56 63 78 85 54 69 54 87 207 55 81
internal_value=-0.000456904 0.00533875 0.0107215 0.00768679 0.00960225 0.00608981 -0.00191897 0.0146097 0.0236209 0.0387986 -0.0109612 -0.0139556 -0.00331866 0.0094854 -0.0174271 0.00582794 -0.014825 -0.0213434 -0.00334823 0.0189327 0.00597287 -0.00652385 -0.0267471 -0.0307718 -0.0288437 -0.0306141
internal_weight=127.428 90.9376 71.207 67.0203 62.7874 54.5348 28.2317 26.3031 18.4152 9.74449 19.7927 19.7306 12.2639 8.06768 16.0068 8.67068 36.4906 23.1061 13.3844 8.43901 9.57603 7.88788 18.7605 14.1298 9.44123 7.46669
internal_count=1969 1312 980 938 875 772 414 358 244 130 295 332 194 128 244 114 657 435 222 119 154 114 372 285 145 138
is_linear=0
shrinkage=0.0343227


Tree=15
num_leaves=25
num_cat=0
split_feature=17 1 17 18 20 108 108 17 18 17 108 17 1 16 1 15 108 108 17 1 108 9 17 19
split_gain=8.53636 7.56293 5.43498 5.31219 4.22249 5.05293 3.25144 3.10701 4.95206 4.70701 3.50806 2.91243 3.13289 2.24158 2.47642 2.32815 2.08262 1.71552 1.61889 1.39316 0.78431 0.575751 0.108788 0.010518
threshold=461.00000000000006 0.066183283816211066 525.00000000000011 8.5000000000000018 0.85874976216123622 0.62019230769230671 -1.1937500000000012 477.00000000000006 1.0000000180025095e-35 493.00000000000006 0.30384615384615193 489.00000000000006 1.2855172318395918 5.5000000000000009 -0.76365501732068186 1300.0000000000002 0.2696969696969696 0.87083333333333368 447.00000000000006 -0.28826112160022083 0.73214285714285776 2.5000000000000004 505.00000000000006 -7.9374999999999991
decision_type=2 2 2 2 2 2 2 2 2 2 2 2 2 2 2 2 2 2 2 2 2 2 2 2
left_child=13 2 3 4 6 22 -2 8 10 16 -8 23 17 15 -15 -1 -9 -13 -17 -5 21 -16 -6 -3
right_child=1 11 -4 19 5 -7 7 9 -10 -11 -12 12 -14 14 20 18 -18 -19 -20 -21 -22 -23 -24 -25
leaf_value=-0.025212766609737688 -0.0068386162048100739 -0.021922526666396262 0.046376223816999594 -0.028371166038213651 -0.027138942951830305 0.015770165507042362 0.017195961274950385 0.024466310050079709 0.033814238071268272 0.0064758688614832069 -0.020387811002237317 -0.0053136504008839316 -0.026628469500875399 0.0021333268224878925 -0.017100380490386882 0.01732076099087836 0.053810461598289575 0.025388413815026014 -0.010373936997671564 -0.00095398026773972416 -0.012658164302398708 -0.035034789166027688 -0.015522564155247677 -0.034132485352148613
leaf_weight=3.7239052988588801 5.7328112050890914 2.8584958724677563 4.3088024966418734 4.9072898477315903 4.3955397903919202 7.5749517232179642 4.9374480396509188 5.9831160828471202 6.0918792374432078 7.0047311447560778 6.3353234939277172 4.4211285747587663 4.1007031612098208 4.353806920349597 3.8633803725242677 5.5883208289742452 7.3001581504940987 3.7086866460740566 4.0364195965230465 3.795321296900509 4.4337161779403678 10.03181805834174 3.4262258782982826 4.4157814607024219
leaf_count=68 86 57 55 72 72 94 68 82 76 98 81 75 66 63 80 85 86 53 69 56 73 219 54 81
internal_value=-0.000452862 0.00513202 0.0102782 0.00777601 0.0114896 -0.00389679 0.0169391 0.0205852 0.00968011 0.0296385 -0.00390693 -0.0136774 -0.00323277 -0.0145288 -0.0210294 -0.00326068 0.0414353 0.00910192 0.0057441 -0.0168495 -0.0264765 -0.0305207 -0.0228207 -0.0304051
internal_weight=127.33 91.2984 71.7936 67.4848 58.7822 15.3967 43.3855 37.6527 17.3647 20.288 11.2728 19.5048 12.2305 36.0314 22.6827 13.3486 13.2833 8.12982 9.62474 8.70261 18.3289 13.8952 7.82177 7.27428
internal_count=1969 1312 980 925 797 220 577 491 225 266 149 332 194 657 435 222 168 128 154 128 372 299 126 138
is_linear=0
shrinkage=0.0343227


Tree=16
num_leaves=23
num_cat=0
split_feature=30 1 3 108 17 16 19 19 108 108 108 20 108 29 108 16 3 3 3 3 1 3
split_gain=7.89244 6.74541 7.35794 7.28987 5.09178 3.91094 3.14241 4.52853 3.93416 3.28536 4.41813 5.00404 3.81359 2.35753 2.29656 2.23584 2.036 1.98892 1.80246 1.48857 1.39606 1.02765
threshold=3.5000000000000004 -0.4530508137797658 0.53424235199287928 -0.34523809523809484 461.00000000000006 4.5000000000000009 39.17788461538462 23.700000000000021 0.87083333333333368 -1.1547619047619049 0.57738095238095266 0.61754492792555216 1.1846590909090902 2.5442334363669328e-15 0.73214285714285776 8.5000000000000018 -1.2884685158214413 0.35335069633153765 0.83953209162123288 -0.53359976229280581 -0.81365099399596452 -0.91220426748657257
decision_type=2 2 2 2 2 2 2 2 2 2 2 2 2 2 2 2 2 2 2 2 2 2
left_child=-1 2 3 5 13 -2 7 9 -8 -6 11 17 15 14 21 -12 -7 19 -9 -11 -5 -3
right_child=1 4 -4 20 6 16 8 18 -10 10 12 -13 -14 -15 -16 -17 -18 -19 -20 -21 -22 -23
leaf_value=0.046090821638287788 0.046514357407217315 -0.015352032724066652 0.051816882043001278 -0.028911481711935676 -0.026660390247917186 -0.010508941321171613 -0.0068851292256539584 -0.031359448278784507 0.035422121960951208 0.010167676237773947 -0.030935455561793942 0.049376277524902229 0.011983883639411287 0.0090803222677270194 -0.005185433143481499 -0.0023912788696962943 0.01928853974360651 0.018426387249134209 -0.0033304375231902605 -0.018952715601960525 -0.0038359344914240963 -0.035227329378776318
leaf_weight=3.9209267720580092 4.3162628747522875 5.1563888266682687 4.4114098772406569 5.1924587264657021 4.2843983918428341 3.9907943792641181 4.5993822924792749 8.27283141389489 5.3838779106736183 3.5723422244191125 7.0192769430577773 3.7985015697777262 7.5480073839426032 2.9580563716590396 6.5621737577021113 5.8858628757297993 7.1614677645266021 7.8890425153076649 4.0613096356391898 4.1805379278957977 5.1949555166065693 11.344977632164957
leaf_count=49 56 107 54 74 76 60 67 142 53 55 105 58 104 57 106 82 98 108 58 71 78 240
internal_value=-3.76458e-05 -0.00162075 0.0123672 0.00511323 -0.00622247 0.0198928 -0.00115895 -0.00431434 0.0163028 0.000862557 0.00399746 0.0155962 -0.00709384 -0.0189991 -0.0226717 -0.0182711 0.0086297 0.00660898 -0.022432 -0.00565721 -0.0168358 -0.0294062
internal_weight=126.705 122.784 30.2673 25.8559 92.517 15.4685 66.4954 56.5121 9.98326 44.178 39.8936 19.4404 20.4531 26.0216 23.0635 12.9051 11.1523 15.6419 12.3341 7.75288 10.3874 16.5014
internal_count=1958 1909 420 366 1489 214 979 859 120 659 583 292 291 510 453 187 158 234 200 126 152 347
is_linear=0
shrinkage=0.0343227


Tree=17
num_leaves=23
num_cat=0
split_feature=30 1 3 108 17 16 19 3 19 108 108 20 108 29 108 16 3 3 3 1 3 108
split_gain=7.14709 6.28844 6.53391 6.78029 4.86848 3.45576 2.92522 5.59463 5.38326 3.13449 4.09313 5.13053 3.6068 2.57498 2.28192 2.18296 1.94887 1.91701 1.49662 1.3613 1.01731 0.398752
threshold=3.5000000000000004 -0.4530508137797658 0.53424235199287928 -0.34523809523809484 461.00000000000006 4.5000000000000009 36.904166666666676 0.73725684727427632 23.700000000000021 -1.1547619047619049 0.57738095238095266 0.62912659703877094 1.1846590909090902 2.8998474856758495e-15 0.73214285714285776 8.5000000000000018 0.35335069633153765 -0.99652023901092357 -0.53359976229280581 -0.81365099399596452 -0.91220426748657257 0.48333333333333434
decision_type=2 2 2 2 2 2 2 2 2 2 2 2 2 2 2 2 2 2 2 2 2 2
left_child=-1 2 3 5 13 -2 8 -8 9 -6 11 16 15 14 20 -12 18 -7 -11 -5 -3 -10
right_child=1 4 -4 19 6 17 7 -9 21 10 12 -13 -14 -15 -16 -17 -18 -19 -20 -21 -22 -23
leaf_value=0.043074566801294727 0.043419428539869673 -0.015302109080758216 0.048198517934350336 -0.028639910038977395 -0.026386691178598414 -0.0043232430546048502 -0.014152482121556353 0.033144416757512771 -0.034195042316002802 0.0097660748243838802 -0.030694411503879887 0.049122302407266477 0.011476458128628277 0.011389997952594159 -0.0050372653569664859 -0.00231768719385992 0.017551121611090011 0.023599099265304607 -0.019248720987506535 -0.0037232161307503252 -0.035151578524712478 -0.018530302022445148
leaf_weight=4.0700220018625251 4.4837973006069705 5.1486650258302751 4.5991536080837241 5.0668485164642334 4.185137864202253 6.2825811393558997 4.7137670852243883 6.992866687476635 4.6242967434227449 3.6035195589065498 6.8371333032846469 3.8030719682574263 7.623293735086917 2.8004062063992015 6.5327898524701586 5.8741680458188057 8.0111355781555158 4.9503117129206622 4.2705607786774786 5.1780197061598301 11.109880629926922 5.8703932017087936
leaf_count=49 56 108 54 74 76 89 74 69 86 55 105 55 104 54 106 82 108 69 74 78 242 91
internal_value=-4.04762e-05 -0.00157515 0.0118412 0.00491762 -0.00605604 0.0189373 -0.00112848 0.0142236 -0.00447428 0.000826834 0.00384977 0.0148947 -0.00690596 -0.0186797 -0.0224755 -0.0179409 0.00593271 0.00827931 -0.00610069 -0.0165161 -0.0292615 -0.0262001
internal_weight=126.632 122.562 30.5607 25.9616 92.0011 15.7167 66.4093 11.7066 54.7027 44.208 40.0229 19.6883 20.3346 25.5917 22.7913 12.7113 15.8852 11.2329 7.87408 10.2449 16.2585 10.4947
internal_count=1958 1909 420 366 1489 214 979 143 836 659 583 292 291 510 456 187 237 158 129 152 350 177
is_linear=0
shrinkage=0.0343227


Tree=18
num_leaves=23
num_cat=0
split_feature=30 1 3 3 17 20 19 19 3 108 108 20 108 29 108 16 0 19 1 1 3 108
split_gain=6.48812 5.8689 5.82204 6.37039 4.65055 3.49162 2.71906 5.16659 5.10957 2.99071 3.79459 4.54813 3.41148 2.47378 2.24409 2.13072 1.85871 1.71413 1.55455 1.54797 1.02349 0.40397
threshold=3.5000000000000004 -0.4530508137797658 0.53424235199287928 -0.20950531559716143 461.00000000000006 -0.37067321776887313 36.904166666666676 23.700000000000021 0.73725684727427632 -1.1547619047619049 0.57738095238095266 0.62912659703877094 1.1846590909090902 2.8998474856758495e-15 0.73214285714285776 8.5000000000000018 4.5000000000000009 3.1714285714285784 -0.78159884795344747 -0.85165748158407517 -0.91220426748657257 0.48333333333333434
decision_type=2 2 2 2 2 2 2 2 2 2 2 2 2 2 2 2 2 2 2 2 2 2
left_child=-1 2 3 5 13 -2 7 9 -8 -6 11 16 15 14 20 -12 17 -11 -5 -7 -3 -9
right_child=1 4 -4 18 6 19 8 21 -10 10 12 -13 -14 -15 -16 -17 -18 -19 -20 -21 -22 -23
leaf_value=0.040354616194211664 -0.00045300037246113524 -0.015002675758592467 0.044967623564768751 -0.029063409846566381 -0.026112218303584532 0.043802020344381659 -0.013856569811987993 -0.034063847624873529 0.031279317275299846 0.024424694955507 -0.030453240397970479 0.045739641573795994 0.010995081646262112 0.010935508353044339 -0.0048927651997683341 -0.0022462358669560652 -0.010396793865434961 -0.0034616017349747936 -0.00067462020831388439 0.014766449486220294 -0.035061501728168791 -0.018202604732284196
leaf_weight=4.2130922451615325 7.4483079165220323 5.0784736387431648 4.7789269760251036 5.4464147388935089 4.088841050863258 4.885756861418491 4.6566739417612535 4.4863339811563474 7.1703920885920525 6.5250139497220605 6.6602276526391524 3.9636536538600913 7.6959360092878333 2.8287942297756663 6.5043506249785414 5.8628504537045956 5.3560734018683425 4.0808229707181454 3.7814610525965673 4.4978732056915725 10.762900773435833 5.7780447378754616
leaf_count=49 105 108 54 83 76 61 74 86 69 85 105 55 104 54 106 82 96 56 58 59 242 91
internal_value=-4.49083e-05 -0.00153266 0.011347 0.00473471 -0.00589677 0.0171979 -0.0011036 -0.00435354 0.0136059 0.000792296 0.00370805 0.0142345 -0.0067227 -0.0183612 -0.0221669 -0.0176135 0.0057033 0.0138971 -0.0178222 0.0307834 -0.0290341 -0.0259147
internal_weight=126.551 122.338 30.8387 26.0598 91.4994 16.8319 66.3249 54.4978 11.8271 44.2334 40.1446 19.9256 20.219 25.1745 22.3457 12.5231 15.9619 10.6058 9.22788 9.38363 15.8414 10.2644
internal_count=1958 1909 420 366 1489 225 979 836 143 659 583 292 291 510 456 187 237 141 141 120 350 177
is_linear=0
shrinkage=0.0343227


Tree=19
num_leaves=25
num_cat=0
split_feature=30 1 3 108 19 3 108 3 2 19 19 15 16 29 18 16 108 3 3 108 3 19 20 3
split_gain=5.90266 5.47894 5.30325 5.41337 4.20734 4.6749 4.50329 4.15561 4.17685 3.40854 4.61225 3.27117 3.00139 2.69993 2.05075 1.88692 1.81303 1.88447 1.76038 1.48632 1.48828 1.18486 1.69152 0.657385
threshold=3.5000000000000004 -0.4530508137797658 0.56787110794270768 -0.34523809523809484 36.904166666666676 0.73725684727427632 -1.3431372549019611 -0.87270727683704619 55.500000000000007 12.129166666666665 -0.2583333333333257 1300.0000000000002 4.5000000000000009 1.6145567074593356e-15 1.0000000180025095e-35 8.5000000000000018 0.73214285714285776 0.43079589677502483 -1.2884685158214413 1.0312500000000002 0.7278126826133825 -6.5393939393939595 0.14258344088741773 1.0000000180025095e-35
decision_type=2 2 2 2 2 2 2 2 2 2 2 2 2 2 2 2 2 2 2 2 2 2 2 2
left_child=-1 2 3 12 6 -6 -3 -8 13 10 11 -10 -2 21 -12 -5 17 -13 -14 20 -11 -9 -23 -24
right_child=1 4 -4 15 5 -7 7 8 9 19 14 16 18 -15 -16 -17 -18 -19 -20 -21 -22 22 23 -25
leaf_value=0.037889926589251992 0.039469461384544088 -0.034650834714495787 0.044620088405826076 -0.025186506311344805 -0.013564083213222682 0.029564319209230538 0.021033165233088812 -0.034767849203674574 -0.03386488762676601 -0.019405125857535357 0.007814204796635596 0.0095536423958985945 -0.010519910004830067 0.010320623665487342 0.037884409072143882 0.0039919802601014022 0.01455102161505643 -0.02199012024485596 0.016971978733466651 -0.029494605082128728 0.0094516253129108222 0.003428583839708258 -0.014398206783499871 -0.03421183723809431
leaf_weight=4.3503883667290202 4.7141763009131052 6.8333642482757559 4.3723782934248439 6.419999171048401 4.6013303957879526 7.3404886648058891 5.8471149355173102 7.9936275072395864 3.6074671484529963 4.2868562340736371 5.9762347526848369 3.6098834127187711 3.9916502945125156 2.8522957526147357 4.8452513366937637 4.1479771994054317 6.5606905817985526 5.0149179399013519 7.4579303748905588 5.4991612508893013 3.6337790004909039 3.3866584040224543 4.8035551570355874 4.3144112527370453
leaf_count=49 56 143 47 96 74 69 108 179 62 71 76 56 60 50 65 63 101 81 98 78 57 59 83 77
internal_value=-4.93926e-05 -0.00149166 0.0108783 0.00492019 -0.00574155 0.0130221 -0.00861455 -0.0060167 -0.00848414 -0.00210009 0.0044121 -0.00587189 0.0172822 -0.0200717 0.0219445 -0.0139422 0.00131161 -0.00891165 0.00736335 -0.0162507 -0.00630621 -0.0243897 -0.0170885 -0.024574
internal_weight=126.462 122.111 31.1041 26.7317 91.0071 11.9418 79.0653 72.2319 66.3848 43.0342 29.6144 18.793 16.1638 23.3505 10.8215 10.568 15.1855 8.6248 11.4496 13.4198 7.92064 20.4983 12.5046 9.11797
internal_count=1958 1909 420 373 1489 143 1346 1203 1095 647 441 300 214 448 141 159 238 137 158 206 128 398 219 160
is_linear=0
shrinkage=0.0343227


Tree=20
num_leaves=26
num_cat=0
split_feature=17 17 30 1 20 108 19 19 8 19 9 0 3 2 16 108 19 3 17 29 108 108 3 108 3
split_gain=8.89117 6.5555 5.19065 5.04328 4.15751 4.09015 4.06013 3.78392 2.91315 4.45741 4.89373 6.51758 3.76668 3.05069 2.22019 2.04056 1.84483 2.69889 1.78293 1.75959 1.66061 1.45529 1.27839 0.0561041 0.00106489
threshold=529.00000000000011 457.00000000000006 5.5000000000000009 -0.68768318887437496 0.89058102063127687 -0.62019230769230649 36.904166666666676 -17.460606060606036 1.0000000180025095e-35 -6.5393939393939595 2.5000000000000004 3.5000000000000004 0.69565943660987861 55.500000000000007 9.5000000000000018 0.75961538461538336 15.437500000000002 0.37130262873579967 483.00000000000006 1.0000000180025095e-35 -0.5857142857142853 0.80624999999999869 -1.1993529892117318 -1.1291666666666662 0.35820877528192541
decision_type=2 2 2 2 2 2 2 2 2 2 2 2 2 2 2 2 2 2 2 2 2 2 2 2 2
left_child=1 14 -3 5 7 -4 24 -5 9 -9 11 -11 13 -10 15 19 17 -12 -7 20 22 -19 -1 -16 -6
right_child=-2 2 3 4 6 18 -8 8 12 10 16 -13 -14 -15 23 -17 -18 21 -20 -21 -22 -23 -24 -25 -26
leaf_value=-0.023670004943039853 0.039810960334018035 0.035786983202518163 0.03401620260536263 -0.027875010271319656 -0.024117710870404954 -0.014340829472698078 -0.00037672224408964196 -0.029273827496591315 0.010906402279301291 0.052175562763873383 -0.018358729882062354 -0.0055546376649569422 -0.0078794283703613882 0.052206560042247122 -0.021534447748368421 0.009257004417563915 -0.026346844833884043 0.024642494443569966 0.013307020783105224 0.0056507061275788261 -0.034632894195909647 -0.0021991224272305244 0.0058657855925097991 -0.034605564426720144 -0.035364322510223145
leaf_weight=3.2264840342104435 5.5525044128298751 4.4887492731213561 7.4869086183607605 4.8680604174733153 3.4085287898778933 4.5991225875914079 8.0901241712272149 5.6736506223678544 4.961542107164858 4.4027858301997238 5.8956833481788662 4.4093565903604031 4.7312453016638747 3.6489074379205704 2.7532188445329666 4.3989195190370074 3.9729532748460761 4.2888769246637803 5.9503406435251236 3.2052714340388766 6.1837798506021535 4.8439368158578873 3.1891919225454348 6.3125563673675043 7.1494612172245979
leaf_count=60 68 52 91 86 67 59 96 95 83 57 100 69 67 50 58 69 62 57 75 58 125 63 59 136 117
internal_value=-0.00150919 -0.00348168 0.000996673 -0.000886742 -0.00504691 0.0151536 -0.0187985 -5.63123e-06 0.00305241 -0.00237438 0.00336965 0.0240661 0.0164233 0.0295906 -0.0175556 -0.0109419 -0.0064561 -0.000780115 0.00118971 -0.0166323 -0.0223007 0.0107933 -0.00938632 -0.0314625 -0.0325092
internal_weight=127.692 122.14 92.8702 88.3815 70.3451 18.0364 18.6481 51.697 46.8289 33.4872 27.8136 8.81214 13.3417 8.61045 29.2694 20.2036 19.0015 15.0285 10.5495 15.8047 12.5995 9.13281 6.41568 9.06578 10.558
internal_count=1979 1911 1346 1294 1069 225 280 789 703 503 408 126 200 133 565 371 282 220 134 302 244 120 119 194 184
is_linear=0
shrinkage=0.0343227


Tree=21
num_leaves=24
num_cat=0
split_feature=20 17 30 16 19 1 9 16 20 9 3 17 15 17 16 16 15 17 16 15 15 9 108
split_gain=8.35592 5.94385 5.64215 4.91314 5.50072 5.39939 2.59383 2.46303 4.03201 2.72544 3.33226 3.01488 3.54875 2.27482 5.40321 2.6454 2.12604 2.87984 2.05488 2.83757 2.70208 1.96303 0.932546
threshold=-0.37067321776887313 529.00000000000011 5.5000000000000009 5.5000000000000009 20.422222222222221 -0.68768318887437496 5.5000000000000009 7.5000000000000009 -0.19026479210868588 4.5000000000000009 0.69565943660987861 475.00000000000006 1750.0000000000002 465.00000000000006 9.5000000000000018 7.5000000000000009 1300.0000000000002 447.00000000000006 2.5000000000000004 1500.0000000000002 1750.0000000000002 3.5000000000000004 -1.3229166666666676
decision_type=2 2 2 2 2 2 2 2 2 2 2 2 2 2 2 2 2 2 2 2 2 2 2
left_child=13 2 -2 5 7 -4 -6 -5 -9 11 -11 -10 -13 15 -15 16 -1 -18 20 -20 -7 -21 -17
right_child=1 -3 3 4 6 18 -8 8 9 10 -12 12 -14 14 -16 22 17 -19 19 21 -22 -23 -24
leaf_value=-0.027818686334225313 0.039063385948660774 0.037363591441286384 0.040899809135065697 -0.016671038615920172 -0.033002326148919632 -0.02742369248753632 -0.0027950324213098271 0.036060099482481338 -0.034388267037137661 0.028461532244756012 -0.010930890150596799 0.021536831702016871 -0.020278884388976584 -0.019772387340103486 0.029791963267395954 -0.011747038039631714 0.012552634590030681 -0.021138066207245419 0.034913805386896313 0.017275058693364133 0.0082414714851801081 -0.013925486849232772 -0.035310613939890101
leaf_weight=4.982964947819716 4.2764524668455115 5.7298000603914252 5.4666726775467422 6.9628882817924014 10.392340358346699 4.336639132350685 4.9624672643840304 4.0591917745769015 3.8792247809469762 6.1482934355735761 3.9479746669530869 4.529085271060465 4.4287493638694286 6.3259569332003576 3.9498279243707657 2.9274388849735251 6.8606962561607343 4.8266088142991066 4.1025961004197589 4.2960920296609384 5.2042363286018372 4.6109865941107273 10.273478426039217
leaf_count=97 48 68 61 108 165 66 72 64 62 98 50 61 67 102 56 61 111 84 58 62 73 70 215
internal_value=-0.00147225 0.00448726 0.00204891 -0.000142889 -0.00665333 0.0112639 -0.0234832 0.00109792 0.005816 6.15572e-05 0.0131884 -0.0103288 0.00087609 -0.0143726 -0.000412476 -0.0191225 -0.00975488 -0.00154384 0.00363171 0.0123831 -0.00831533 0.00119664 -0.0304668
internal_weight=127.481 87.3337 81.6039 77.3274 49.3102 28.0172 15.3548 33.9554 26.9925 22.9333 10.0963 12.8371 8.95783 40.147 10.2758 29.8712 16.6703 11.6873 22.5506 13.0097 9.54088 8.90708 13.2009
internal_count=1979 1253 1185 1137 747 390 237 510 402 338 148 190 128 726 158 568 292 195 329 190 139 132 276
is_linear=0
shrinkage=0.0343227


Tree=22
num_leaves=24
num_cat=0
split_feature=20 27 17 28 108 1 17 3 18 19 18 19 104 20 17 16 16 15 17 16 20 3 108
split_gain=7.89483 5.69046 4.94321 4.41394 3.52997 7.20857 6.98298 4.57888 6.03776 3.86853 6.68761 4.06955 3.79123 2.24768 2.19224 5.02444 2.60344 2.05733 2.71898 1.5182 1.13217 1.07162 0.934508
threshold=-0.37067321776887313 0.17424242424242428 529.00000000000011 11.500000000000002 -0.53589743589743566 -0.65611039032661567 485.00000000000006 0.35335069633153765 6.5000000000000009 15.437500000000002 1.0000000180025095e-35 36.904166666666676 1.0000000180025095e-35 0.70222031939002927 465.00000000000006 9.5000000000000018 7.5000000000000009 1300.0000000000002 447.00000000000006 5.5000000000000009 0.91558588416811859 0.83074928540515158 -1.3229166666666676
decision_type=2 2 2 2 2 2 2 2 2 2 2 2 2 2 2 2 2 2 2 2 2 2 2
left_child=14 2 3 4 5 -2 -7 13 9 10 12 20 -9 -6 16 -16 17 -1 -19 -5 -11 -10 -18
right_child=1 -3 -4 19 7 6 -8 8 21 11 -12 -13 -14 -15 15 -17 22 18 -20 -21 -22 -23 -24
leaf_value=-0.027563384932115877 0.050425018957896452 0.03785474891392699 0.032065356305233376 -0.0038590794651531513 -0.031104301430454277 0.025807303972312047 -0.027913630159101917 0.01902647882357188 -0.034409647196386971 -0.0031363118789734176 0.047273317301053247 0.022626199210560204 -0.020014401874143363 0.0017571856014354892 -0.019442182789754767 0.028173526450187961 -0.011491510798438223 0.012013087831286039 -0.02081977236644221 -0.030759719545481529 -0.027791148137524667 -0.008184130184993213 -0.035210748782353973
leaf_weight=4.8614309355616632 4.8585556149482718 5.2801651731133452 5.6872644983232012 4.0727209597825986 7.4393759332597238 5.8954775854945165 4.973682202398777 7.7445168569684082 4.0298898667097083 4.038465138524769 6.6713318750262252 4.3269128315150729 4.3158803731203079 3.5427221320569515 6.2196025252342206 4.0490186661481857 2.8971065431833258 6.9350841753184778 4.7383866608142853 6.3902628719806671 4.7370574250817299 3.610583983361721 9.9553637616336328
leaf_count=97 56 69 66 53 121 100 91 101 65 57 83 44 62 60 102 56 61 111 84 91 79 55 215
internal_value=-0.00143203 0.00432099 0.00203927 -0.000306406 0.00299622 0.0170277 0.00113429 -0.00145318 0.00403029 0.0106251 0.0205092 -0.00365007 0.00490706 -0.0207414 -0.0140789 -0.000396914 -0.0188067 -0.00952464 -0.00150405 -0.0206928 -0.0169294 -0.022803 -0.0302528
internal_weight=127.271 87.6149 82.3347 76.6474 66.1845 15.7277 10.8692 50.4567 39.4746 31.8342 18.7317 13.1024 12.0604 10.9821 39.656 10.2686 29.3874 16.5349 11.6735 10.463 8.77552 7.64047 12.8525
internal_count=1979 1253 1184 1118 974 247 191 727 546 426 246 180 163 181 726 158 568 292 195 144 136 120 276
is_linear=0
shrinkage=0.0343227


Tree=23
num_leaves=24
num_cat=0
split_feature=20 27 17 28 108 1 17 3 18 19 18 19 104 20 17 16 16 15 17 104 16 3 108
split_gain=7.45245 5.14806 4.51242 4.18669 3.25692 6.4084 6.54527 4.34338 5.69211 3.53764 5.90977 4.39208 3.53872 2.19234 2.11165 4.67694 2.56088 1.99023 2.56768 1.52711 1.4855 1.06047 0.936247
threshold=-0.37067321776887313 0.17424242424242428 529.00000000000011 11.500000000000002 -0.53589743589743566 -0.65611039032661567 485.00000000000006 0.35335069633153765 6.5000000000000009 15.437500000000002 1.0000000180025095e-35 37.539772727272727 1.0000000180025095e-35 0.70222031939002927 465.00000000000006 9.5000000000000018 7.5000000000000009 1300.0000000000002 447.00000000000006 1.0000000180025095e-35 5.5000000000000009 0.83074928540515158 -1.3229166666666676
decision_type=2 2 2 2 2 2 2 2 2 2 2 2 2 2 2 2 2 2 2 2 2 2 2
left_child=14 2 3 4 5 -2 -7 13 9 10 12 19 -9 -6 16 -16 17 -1 -19 -11 -5 -10 -18
right_child=1 -3 -4 20 7 6 -8 8 21 11 -12 -13 -14 -15 15 -17 22 18 -20 -21 -22 -23 -24
leaf_value=-0.027306948791919042 0.046964506991500642 0.035563020864914939 0.030281239452221376 -0.0037469623887236231 -0.030874077678543888 0.024434244173624359 -0.02765523978622831 0.018121010367214835 -0.034254468324959028 -0.028573567156360342 0.044062408405545844 0.024347995369524159 -0.019685021139327699 0.0016992155311514659 -0.019113414783487874 0.02667760632509451 -0.011239590819616231 0.011501914895392077 -0.020502180834699114 -1.8874863399154209e-06 -0.030498838543827171 -0.007976224323544669 -0.035112467866017849
leaf_weight=4.743560239672667 5.0562522672116748 5.4441011101007453 5.8309314735233775 4.0599273107945901 7.2432741411030275 6.0277218185365182 4.8527860604226589 7.8653974235057849 3.912608388811349 5.1825248114764673 6.9292201101779929 4.1872220560908309 4.2438255399465561 3.548103716224432 6.1164673864841443 4.1445962525904179 2.8676983080804339 7.0068956203758699 4.6528320796787739 3.6833868622779846 6.2291126698255539 3.5858910828828812 9.6467633731663209
leaf_count=97 56 69 66 53 121 100 91 101 65 85 83 41 62 60 102 56 61 111 84 54 91 55 215
internal_value=-0.00139869 0.00415352 0.00195639 -0.000310581 0.0028775 0.0162449 0.00108187 -0.0014229 0.00386875 0.0101801 0.0195021 -0.00355051 0.004714 -0.0204109 -0.0137891 -0.000382578 -0.0184928 -0.00929894 -0.00146557 -0.0170965 -0.0203529 -0.0224873 -0.0300378
internal_weight=127.061 87.8823 82.4382 76.6073 66.3182 15.9368 10.8805 50.3815 39.5901 32.0916 19.0384 13.0531 12.1092 10.7914 39.1788 10.2611 28.9177 16.4033 11.6597 8.86591 10.289 7.4985 12.5145
internal_count=1979 1253 1184 1118 974 247 191 727 546 426 246 180 163 181 726 158 568 292 195 139 144 120 276
is_linear=0
shrinkage=0.0343227


Tree=24
num_leaves=25
num_cat=0
split_feature=19 17 9 18 3 18 2 9 19 19 1 108 3 29 18 17 3 108 18 0 19 20 108 16
split_gain=6.73114 6.56708 3.25744 4.32669 6.28945 3.63067 4.9534 3.79124 8.33049 8.67811 2.68285 3.86 3.16367 4.56482 3.09637 2.73221 2.56527 3.60162 1.98836 2.47344 1.95366 1.871 1.86816 0.00255269
threshold=38.775000000000013 517.00000000000011 4.5000000000000009 -1.4999999999999998 -0.87270727683704619 6.5000000000000009 53.500000000000007 2.5000000000000004 -6.5393939393939595 9.2792207792207666 -0.14250903370923043 -1.0954545454545472 0.81226656674059861 2.0046575038578262e-15 3.5000000000000004 485.00000000000006 0.50718423428362969 -0.51666666666666561 3.5000000000000004 3.5000000000000004 4.1291666666666638 -0.66514103134972313 1.2361111111111109 11.500000000000002
decision_type=2 2 2 2 2 2 2 2 2 2 2 2 2 2 2 2 2 2 2 2 2 2 2 2
left_child=2 -2 3 4 -1 6 -5 8 -8 -10 15 -12 13 14 16 21 17 -13 19 -9 -7 -4 -14 -6
right_child=1 -3 10 5 23 20 7 18 9 -11 11 12 22 -15 -16 -17 -18 -19 -20 -21 -22 -23 -24 -25
leaf_value=0.014216279617994702 0.05028546656913483 0.0026669203188506244 0.016563620187652669 -0.033714127849909702 -0.035929004355097174 -0.0054862402793510083 -0.016200271522177408 -0.014003044085395738 0.069505337257578084 0.0076189392332160679 -0.033646178999199111 0.011810440145171386 -0.025149807744251323 0.036630516226095804 0.023130791086156118 0.029579729209990302 0.015708853411714411 -0.034642770032208087 -0.026257375051162147 0.021748467336900619 -0.034636575316227734 -0.014039348431310475 0.0039385131504129619 -0.024829055011426359
leaf_weight=3.9381546936929253 5.2077647745609275 9.0518559254705888 4.3403630256652823 3.6253383792936793 10.750483764335511 5.5206684209406358 5.3095474354922727 4.6331366207450611 4.5908186212182098 6.0591194704174995 3.9435853697359553 2.7613917440175992 6.3780678249895555 4.9544478505849829 4.4598776064813128 6.9416706450283518 3.1524828411638728 5.5994445048272681 3.8479175306856623 3.9373271521180868 5.2841496542096138 4.4695179481059304 4.139364629983902 3.4216398671269408
leaf_count=68 57 100 58 68 182 93 103 76 57 91 83 53 100 74 79 80 48 111 60 57 95 55 62 58
internal_value=-0.0012149 0.0207436 -0.00405765 -0.00939997 -0.0233169 -0.00338954 0.00245665 0.00738554 0.0183072 0.0354832 0.00232406 -0.00293243 0.00120438 0.0088917 -0.000234931 0.0139658 -0.00964782 -0.0194241 -0.00675241 0.00260358 -0.0202994 0.00108732 -0.0139122 -0.0338261
internal_weight=126.318 14.2596 112.059 60.9183 18.1103 42.808 32.0032 28.3779 15.9595 10.6499 51.1402 35.3887 31.4451 20.9276 15.9732 15.7516 11.5133 8.36084 12.4184 8.57046 10.8048 8.80988 10.5174 14.1721
internal_count=1968 157 1811 1008 308 700 512 444 251 148 803 610 527 365 291 193 212 164 193 133 188 113 162 240
is_linear=0
shrinkage=0.0343227


Tree=25
num_leaves=26
num_cat=0
split_feature=19 17 18 17 2 28 9 18 9 29 16 16 20 19 17 15 15 15 8 17 20 3 18 0 108
split_gain=6.22991 5.82303 3.16472 4.14993 3.47546 3.18117 3.92267 6.80369 5.22592 4.73754 4.88201 4.54792 4.34506 4.43899 2.99925 2.34684 2.00967 1.90613 2.41348 1.50873 3.90884 1.67196 1.42133 0.883629 0.398399
threshold=38.775000000000013 517.00000000000011 13.000000000000002 461.00000000000006 53.500000000000007 26.000000000000004 4.5000000000000009 -1.0000000180025095e-35 2.5000000000000004 2.0046575038578262e-15 9.5000000000000018 4.5000000000000009 0.42472983804937842 -1.9374999999999998 481.00000000000006 1750.0000000000002 1750.0000000000002 1300.0000000000002 1.0000000180025095e-35 447.00000000000006 -0.57391809210382405 -1.0000000180025095e-35 3.5000000000000004 3.5000000000000004 0.48333333333333434
decision_type=2 2 2 2 2 2 2 2 2 2 2 2 2 2 2 2 2 2 2 2 2 2 2 2 2
left_child=2 -2 3 17 -5 6 7 24 12 10 11 15 13 -9 -12 -8 -13 23 19 21 -21 -19 -10 -1 -6
right_child=1 -3 -4 4 5 -7 9 8 22 -11 14 16 -14 -15 -16 -17 -18 18 -20 20 -22 -23 -24 -25 -26
leaf_value=-0.034112310237465304 0.046903006491991472 0.0025731682323532254 -0.028780477440257527 -0.023432074879820432 -0.017478513705313437 -0.022101449876730489 0.032448022859558098 0.010503049032708656 0.00080658696225509156 0.047302608420546698 0.049322956626115959 -0.034792698120226374 -0.00077304802870067153 0.061046869853755202 0.0098478030112452899 -0.0032704400137354046 -0.0012032843839270765 -0.0038563364863269849 -0.027460583206049795 -0.033784600645608898 0.015382212085914414 0.025302501000161303 -0.022976936291132868 -0.012473536759215602 -0.035203761977146864
leaf_weight=5.598789272829892 5.4098867475986472 9.0703846551477891 5.4357433356344691 5.6430176459252825 3.757729843258856 4.8440499231219283 4.2604957781732171 4.2251049764454294 6.2264901697635633 4.2556963153183451 4.1642448529601079 4.4090757034718973 6.6169901452958575 3.9674500748515218 4.995221883058548 4.0295594036579132 3.8231311291456223 5.2448194306343847 4.8619872927665702 3.9418978150933981 3.208992362022399 3.7518317382782698 5.3048872649669647 4.4194077476859093 4.6695232391357422
leaf_count=135 57 100 96 97 58 65 59 63 84 52 56 68 105 50 70 55 59 95 107 78 59 70 81 83 66
internal_value=-0.00118621 0.0197581 -0.00394863 -0.00259946 0.00176683 0.00390435 0.00594535 -0.00190204 0.00673129 0.0149866 0.00914141 -0.00208061 0.0200455 0.0362871 0.0288015 0.0155842 -0.0197911 -0.0130953 -0.00703959 -0.00049752 -0.0119929 0.0087327 -0.0104435 -0.0252144 -0.0281828
internal_weight=126.136 14.4803 111.656 106.22 75.1927 69.5497 64.7056 34.7682 26.3409 29.9374 25.6817 16.5223 14.8095 8.19256 9.15947 8.29006 8.23221 31.0277 21.0095 16.1475 7.15089 8.99665 11.5314 10.0182 8.42725
internal_count=1968 157 1811 1715 1088 991 926 507 383 419 367 241 218 113 126 114 127 627 409 302 137 165 165 218 124
is_linear=0
shrinkage=0.0343227


Tree=26
num_leaves=26
num_cat=0
split_feature=19 108 18 17 2 28 9 18 9 29 16 16 20 19 17 15 15 8 19 20 20 19 18 0 108
split_gain=5.77004 5.70742 3.0506 3.93112 3.30097 3.00751 3.61915 6.49447 4.8331 4.20155 4.44721 4.28318 3.89932 3.82783 2.62134 1.96982 1.85584 2.32881 1.52924 1.44369 2.05386 2.2519 1.36647 0.883679 0.419682
threshold=38.775000000000013 0.90454545454545265 13.000000000000002 461.00000000000006 53.500000000000007 26.000000000000004 4.5000000000000009 -1.0000000180025095e-35 2.5000000000000004 2.0046575038578262e-15 9.5000000000000018 4.5000000000000009 0.42472983804937842 -1.9374999999999998 481.00000000000006 1750.0000000000002 1300.0000000000002 1.0000000180025095e-35 11.851648351648352 -1.4259598462793892 -0.81238495255504584 -10.539393939393959 3.5000000000000004 3.5000000000000004 0.39444444444444221
decision_type=2 2 2 2 2 2 2 2 2 2 2 2 2 2 2 2 2 2 2 2 2 2 2 2 2
left_child=2 -2 3 16 -5 6 7 24 12 10 11 18 13 -9 -12 -13 23 19 -8 -18 -21 -22 -10 -1 -6
right_child=1 -3 -4 4 5 -7 9 8 22 -11 14 15 -14 -15 -16 -17 17 -19 -20 20 21 -23 -24 -25 -26
leaf_value=-0.034005212438040569 -0.0017991955763686973 0.040494181008327378 -0.028526657143108911 -0.023116755064401553 -0.016873747057355726 -0.021764573145640859 0.027603643848436863 0.010082618152689149 0.0007796888607959128 0.044164095859938475 0.045952995668924322 -0.034635446041654097 -0.00074815786830281414 0.056430448462474372 0.0094552137951339661 -0.0011661425430456484 0.015413761563835442 -0.027206918315177485 -0.0013049744869409595 -0.022151343039424964 0.025364250219687964 -0.01368154379118907 -0.022650932645705123 -0.012199099326957613 -0.035057366547283572
leaf_weight=5.4275693986564892 7.6659401319920999 7.0252121686935425 5.3009236399084321 5.5297817774116984 3.6438734456896764 4.7564234510064116 4.584697663784036 4.2622202113270689 6.230612959712742 4.420246332883834 4.3353509828448278 4.2806764133274537 6.6126398071646681 4.1658801808953374 5.0359398722648621 3.8192400261759758 4.4999316632747712 4.7437719572335473 3.809180062264204 5.2585528157651478 3.2000162433832937 3.1818999834358568 5.2026931084692478 4.3714051768183708 4.5927252843976021
leaf_count=135 101 56 96 97 57 65 60 63 84 52 56 68 105 50 70 59 79 107 54 103 60 60 81 83 67
internal_value=-0.00115794 0.0188357 -0.00384189 -0.00252905 0.00169973 0.00375878 0.00571911 -0.00185106 0.00647738 0.0143277 0.00877548 -0.00202525 0.0191 0.0341573 0.0272521 -0.0194665 -0.0128195 -0.00685834 0.0148972 -0.000485818 -0.00686782 0.00615953 -0.0101925 -0.0249363 -0.0278989
internal_weight=125.957 14.6912 111.266 105.965 75.2822 69.7524 64.996 34.7106 26.474 30.2853 25.8651 16.4938 15.0407 8.4281 9.37129 8.09992 30.6831 20.8842 8.39388 16.1404 11.6405 6.38192 11.4333 9.79897 8.2366
internal_count=1968 157 1811 1715 1088 991 926 507 383 419 367 241 218 113 126 127 627 409 114 302 223 120 165 218 124
is_linear=0
shrinkage=0.0343227


Tree=27
num_leaves=23
num_cat=0
split_feature=19 108 1 18 17 2 18 3 6 19 108 1 9 19 15 8 108 17 20 16 9 0
split_gain=5.35008 5.1361 2.9662 3.16472 3.99568 3.24235 3.25597 4.82655 3.59284 4.16834 2.90654 2.58813 3.97678 3.6388 1.90666 2.26506 1.85999 1.4574 3.68294 1.70642 1.32587 0.962567
threshold=38.775000000000013 0.90454545454545265 1.6009034342861652 13.000000000000002 461.00000000000006 53.500000000000007 1.0000000180025095e-35 -0.87270727683704619 1.0000000180025095e-35 3.3541666666666576 0.60769230769230742 -0.85165748158407517 4.5000000000000009 10.354166666666659 1300.0000000000002 1.0000000180025095e-35 0.59411764705882331 447.00000000000006 -0.57391809210382405 4.5000000000000009 5.5000000000000009 3.5000000000000004
decision_type=2 2 2 2 2 2 2 2 2 2 2 2 2 2 2 2 2 2 2 2 2 2
left_child=2 -2 3 4 14 -6 7 -7 9 -9 -11 -8 13 -13 21 17 -14 19 -19 -16 -10 -1
right_child=1 -3 -4 -5 5 6 11 8 20 10 -12 12 16 -15 15 -17 -18 18 -20 -21 -22 -23
leaf_value=-0.033898606885277044 -0.0017423181930947447 0.038123031847924059 -0.033384325049938719 -0.02820802517774167 -0.022308061940616616 0.03052144472695904 -0.0075522464126914646 0.020465163738518647 -0.011210189242852771 -0.028860127035709272 0.0046302625126649994 0.018619705825831855 0.041807699989309458 -0.016707311943216892 0.024180374384212826 -0.026579568307152104 0.013232508453341823 -0.033506322847845903 0.014881827010003705 -0.0052288083230365122 -0.035353070885138782 -0.010856117517931739
leaf_weight=5.261589318513872 7.6545994058251363 7.2213566303253174 3.5372804198414078 5.1252713315188876 5.2121867015957823 4.373552024364467 5.7330555245280292 8.1433688290417283 6.6268068589270097 5.3772385790944082 6.4449091516435146 8.3786214180290717 7.6060329675674421 5.3941123411059371 4.3475373312830943 4.4309954158961764 4.6471337638795376 3.6464490555226803 3.2412166707217684 4.468871496617794 4.7556167319417 4.126326397061348
leaf_count=135 101 56 74 95 92 58 72 109 91 90 85 110 104 95 64 102 64 75 59 96 63 78
internal_value=-0.00113153 0.0179853 -0.00373845 -0.00267009 -0.00130982 0.00301925 0.0050667 -0.00204387 -0.00683648 0.00198164 -0.0109439 0.0130081 0.017572 0.00472188 -0.0118913 -0.00576997 0.0315523 0.000494357 -0.0110688 0.00959561 -0.0219537 -0.024428
internal_weight=125.754 14.876 110.878 107.341 102.216 72.6926 67.4804 35.7215 31.3479 19.9655 11.8221 31.759 26.0259 13.7727 29.523 20.1351 12.2532 15.7041 6.88767 8.81641 11.3824 9.38792
internal_count=1968 157 1811 1737 1642 1033 941 496 438 284 175 445 373 205 609 396 168 294 134 160 154 213
is_linear=0
shrinkage=0.0343227


end of trees

feature_importances:
basis_weight_zscore=87
horse_weight=86
weight_diff_from_avg=80
horse_weight_diff_from_avg=71
age_zscore=58
horse_number=58
horse_weight_zscore=42
horse_weight_change=41
day_of_meeting=35
distance_m=26
basis_weight=16
pace_fit_score=11
past_10_finish_position_max=9
age=6
bracket_is_middle=6
leader_ratio=6
n_leaders=5
past_10_last_3f_time_max=5
track_芝=5
bracket_is_outer=4
bracket_is_inner=2
sex_牡=1
track_ダート=1

parameters:
[boosting: gbdt]
[objective: binary]
[metric: auc]
[tree_learner: serial]
[device_type: cpu]
[data_sample_strategy: bagging]
[data: ]
[valid: ]
[num_iterations: 2000]
[learning_rate: 0.0343227]
[num_leaves: 121]
[num_threads: 0]
[seed: 0]
[deterministic: 0]
[force_col_wise: 0]
[force_row_wise: 0]
[histogram_pool_size: -1]
[max_depth: -1]
[min_data_in_leaf: 56]
[min_sum_hessian_in_leaf: 0.001]
[bagging_fraction: 0.879769]
[pos_bagging_fraction: 1]
[neg_bagging_fraction: 1]
[bagging_freq: 4]
[bagging_seed: 3]
[bagging_by_query: 0]
[feature_fraction: 0.985989]
[feature_fraction_bynode: 1]
[feature_fraction_seed: 2]
[extra_trees: 0]
[extra_seed: 6]
[early_stopping_round: 0]
[early_stopping_min_delta: 0]
[first_metric_only: 0]
[max_delta_step: 0]
[lambda_l1: 3.64322e-06]
[lambda_l2: 0.303632]
[linear_lambda: 0]
[min_gain_to_split: 0]
[drop_rate: 0.1]
[max_drop: 50]
[skip_drop: 0.5]
[xgboost_dart_mode: 0]
[uniform_drop: 0]
[drop_seed: 4]
[top_rate: 0.2]
[other_rate: 0.1]
[min_data_per_group: 100]
[max_cat_threshold: 32]
[cat_l2: 10]
[cat_smooth: 10]
[max_cat_to_onehot: 4]
[top_k: 20]
[monotone_constraints: ]
[monotone_constraints_method: basic]
[monotone_penalty: 0]
[feature_contri: ]
[forcedsplits_filename: ]
[refit_decay_rate: 0.9]
[cegb_tradeoff: 1]
[cegb_penalty_split: 0]
[cegb_penalty_feature_lazy: ]
[cegb_penalty_feature_coupled: ]
[path_smooth: 0]
[interaction_constraints: ]
[verbosity: -1]
[saved_feature_importance_type: 0]
[use_quantized_grad: 0]
[num_grad_quant_bins: 4]
[quant_train_renew_leaf: 0]
[stochastic_rounding: 1]
[linear_tree: 0]
[max_bin: 255]
[max_bin_by_feature: ]
[min_data_in_bin: 3]
[bin_construct_sample_cnt: 200000]
[data_random_seed: 1]
[is_enable_sparse: 1]
[enable_bundle: 1]
[use_missing: 1]
[zero_as_missing: 0]
[feature_pre_filter: 0]
[pre_partition: 0]
[two_round: 0]
[header: 0]
[label_column: ]
[weight_column: ]
[group_column: ]
[ignore_column: ]
[categorical_feature: ]
[forcedbins_filename: ]
[precise_float_parser: 0]
[parser_config_file: ]
[objective_seed: 5]
[num_class: 1]
[is_unbalance: 0]
[scale_pos_weight: 1]
[sigmoid: 1]
[boost_from_average: 1]
[reg_sqrt: 0]
[alpha: 0.9]
[fair_c: 1]
[poisson_max_delta_step: 0.7]
[tweedie_variance_power: 1.5]
[lambdarank_truncation_level: 30]
[lambdarank_norm: 1]
[label_gain: ]
[lambdarank_position_bias_regularization: 0]
[eval_at: ]
[multi_error_top_k: 1]
[auc_mu_weights: ]
[num_machines: 1]
[local_listen_port: 12400]
[time_out: 120]
[machine_list_filename: ]
[machines: ]
[gpu_platform_id: -1]
[gpu_device_id: -1]
[gpu_use_dp: 0]
[num_gpu: 1]

end of parameters

pandas_categorical:[]
