tree
version=v4
num_class=1
num_tree_per_iteration=1
label_index=0
max_feature_idx=167
objective=binary sigmoid:1
feature_names=age age_zscore avg_finish_last10 avg_finish_last3 avg_finish_last5 basis_weight basis_weight_zscore bias_dynamic_score bias_seasonal_score bracket_is_inner bracket_is_middle bracket_is_outer combo_avg_finish combo_races combo_win_rate day_of_meeting days_since_last_race dist_avg_finish dist_avg_time dist_races distance_change distance_m finish_cv_last10 finish_cv_last3 finish_cv_last5 finish_std_last10 finish_std_last3 finish_std_last5 horse_number horse_weight horse_weight_change horse_weight_diff_from_avg horse_weight_zscore is_distance_lengthened is_distance_shortened is_jockey_id_changed is_lone_leader is_rest_return is_trainer_id_changed leader_ratio n_leaders pace_fit_score past_10_finish_position_max past_10_finish_position_mean past_10_finish_position_median past_10_finish_position_std past_10_last_3f_time_max past_10_last_3f_time_mean past_10_last_3f_time_median past_10_last_3f_time_std past_10_passing_order_1_max past_10_passing_order_1_mean past_10_passing_order_1_median past_10_passing_order_1_std past_10_passing_order_4_max past_10_passing_order_4_mean past_10_passing_order_4_median past_10_passing_order_4_std past_1_finish_position_max past_1_finish_position_mean past_1_finish_position_median past_1_finish_position_std past_1_last_3f_time_max past_1_last_3f_time_mean past_1_last_3f_time_median past_1_last_3f_time_std past_1_passing_order_1_max past_1_passing_order_1_mean past_1_passing_order_1_median past_1_passing_order_1_std past_1_passing_order_4_max past_1_passing_order_4_mean past_1_passing_order_4_median past_1_passing_order_4_std past_3_finish_position_max past_3_finish_position_mean past_3_finish_position_median past_3_finish_position_std past_3_last_3f_time_max past_3_last_3f_time_mean past_3_last_3f_time_median past_3_last_3f_time_std past_3_passing_order_1_max past_3_passing_order_1_mean past_3_passing_order_1_median past_3_passing_order_1_std past_3_passing_order_4_max past_3_passing_order_4_mean past_3_passing_order_4_median past_3_passing_order_4_std past_5_finish_position_max past_5_finish_position_mean past_5_finish_position_median past_5_finish_position_std past_5_last_3f_time_max past_5_last_3f_time_mean past_5_last_3f_time_median past_5_last_3f_time_std past_5_passing_order_1_max past_5_passing_order_1_mean past_5_passing_order_1_median past_5_passing_order_1_std past_5_passing_order_4_max past_5_passing_order_4_mean past_5_passing_order_4_median past_5_passing_order_4_std place_rate_last10 place_rate_last3 place_rate_last5 prev_distance_m race_month round_of_year sex_セ sex_牝 sex_牡 surface_avg_finish surface_avg_last3f surface_change surface_races track_ダート track_芝 venue_avg_finish venue_change venue_races weight_diff_from_avg win_rate_last10 win_rate_last3 win_rate_last5 year bracket_avg_finish jockey_intermediate_win_rate jockey_long_win_rate jockey_marathon_win_rate jockey_mile_win_rate jockey_sprint_win_rate jockey_unknown_win_rate jockey_win_rate jockey_ダート_win_rate jockey_中山_win_rate jockey_京都_win_rate jockey_小倉_win_rate jockey_芝_win_rate sire_intermediate_avg_finish sire_long_avg_finish sire_marathon_avg_finish sire_mile_avg_finish sire_sprint_avg_finish sire_unknown_avg_finish sire_ダート_avg_finish sire_芝_avg_finish trainer_win_rate trainer_中山_win_rate trainer_京都_win_rate trainer_小倉_win_rate jockey_中京_win_rate jockey_東京_win_rate jockey_阪神_win_rate trainer_中京_win_rate trainer_東京_win_rate trainer_阪神_win_rate jockey_福島_win_rate trainer_福島_win_rate jockey_新潟_win_rate trainer_新潟_win_rate jockey_函館_win_rate trainer_函館_win_rate jockey_札幌_win_rate trainer_札幌_win_rate
feature_infos=[2:12] [-2.1317511477834752:3.3050767525516243] [0:18] [0:18] [0:18] [49:63] [-3.8654062115238581:3.0035446437317042] none [0:1] [0:1] [0:1] [0:1] [0:0] [0:0] [0:0] [1:12] [0:1982] [0:18] [0:196.36363636363637] [0:474] [0:1910] [1000:4100] [0:1.4979202085428069] none none [0:4.6380072349136228] none none [1:18] [362:600] [-34:36] [-95.125:121.33333333333331] [-2.7480740808812842:3.1648113705866381] [0:1] [0:1] [0:1] none [0:1] [0:1] [0:0.92307692307692313] [0:216] [-12.390636088041433:19.373299807147156] [1:18] [1:18] [1:18] [0:12.020815280171307] [13.4:54.799999999999997] [13.1625:47.799999999999997] [13.050000000000001:47.799999999999997] [0:15.750682524893962] [1:18] [1:18] [1:18] [0:11.313708498984761] [1:18] [1:18] [1:18] [0:9.8994949366116654] [1:18] [1:18] [1:18] none [13:52.700000000000003] [13:52.700000000000003] [13:52.700000000000003] none [1:18] [1:18] [1:18] none [1:18] [1:18] [1:18] none [1:18] [1:18] [1:18] [0:12.020815280171307] [13.199999999999999:54.799999999999997] [13.133333333333333:47.799999999999997] [13:47.799999999999997] [0:16.512520502132123] [1:18] [1:18] [1:18] [0:11.313708498984761] [1:18] [1:18] [1:18] [0:10.606601717798211] [1:18] [1:18] [1:18] [0:12.020815280171307] [13.300000000000001:54.799999999999997] [13.16:47.799999999999997] [13.1:47.799999999999997] [0:16.081728762791645] [1:18] [1:18] [1:18] [0:11.313708498984761] [1:18] [1:18] [1:18] [0:9.8994949366116654] [0:1] [0:1] [0:1] [0:4100] [1:12] [1:7] [0:1] [0:1] [0:1] [0:18] [0:48.600000000000001] [0:1] [0:725] [0:1] [0:1] [0:18] [0:1] [0:304] [-5.5:4] [0:1] [0:1] [0:1] [2020:2025] [1:12.454545454545455] [0:1] [0:1] [0:1] [0:1] [0:1] [0:1] [0:0.34882240611075749] [0:0.3925619834710744] [0:1] [0:0.49523809523809526] [0:0.47058823529411764] [0:0.40298507462686567] [1:18] [1:17] [1:17] [1:18] [1:16.588235294117649] [1:18] [1:16] [1:18] [0:0.23591549295774647] [0:1] [0:0.64000000000000001] [0:0.52631578947368418] [0:0.53125] [0:1] [0:0.5] [0:1] [0:1] [0:1] [0:0.4838709677419355] [0:1] [0:0.46666666666666667] [0:1] [0:0.5714285714285714] [0:0.5161290322580645] [0:1] [0:1]
tree_sizes=5315 5361 5436 5139 5646 5439 5676 5770

Tree=0
num_leaves=50
num_cat=0
split_feature=75 131 136 159 16 97 159 6 44 50 49 78 165 29 6 143 143 32 151 78 41 141 151 41 152 140 155 115 144 149 6 102 5 131 164 135 142 49 81 141 159 53 145 142 42 149 40 144 131
split_gain=270.899 89.8944 62.8573 47.8463 38.4216 43.2208 42.521 40.5508 37.4448 36.9353 50.4025 38.045 33.5763 38.8407 31.6025 50.5174 25.2668 24.5634 34.4974 35.2555 40.371 35.2712 29.9747 22.9474 29.5661 26.6995 22.8145 21.5084 20.7444 17.4714 13.9147 10.3023 28.4167 12.8578 37.7375 9.46703 8.76989 8.6342 6.19783 5.47861 5.47495 3.76961 3.48932 2.08876 1.388 1.89215 1.13243 0.15043 0.0896263
threshold=5.416666666666667 0.10103213060374967 0.086095820439341844 0.099967126890203831 87.500000000000014 1.4085453042028597 0.073881879263476447 0.97444871341456663 5.2500000000000009 4.5000000000000009 1.0740370314161749 38.150000000000013 0.059475459771056123 453.00000000000006 0.19640627179164599 8.1067849904343401 7.5211649064485764 0.30892205088489316 0.051435309899638799 38.650000000000013 0.13105502400131466 0.042744602354211549 0.096089621587166191 0.23817503232974904 0.043567031463748296 0.060929868647171662 0.064148384097784769 4.3155870445344133 6.7307142857142868 8.5972408262237447 0.36953060069150168 6.5000000000000009 54.500000000000007 0.058741367143516868 0.034041432584269671 0.084002026434109242 7.0225028675881367 2.1725431724466202 1.8004628439493382 0.065079773660473003 0.043905787797895827 2.2154750723631058 7.717522091523402 7.1794457096179327 8.5000000000000018 9.7106000913050838 14.500000000000002 9.4798711755233516 0.058473637049613288
decision_type=2 10 10 10 2 2 10 2 2 2 2 2 8 2 2 10 10 2 8 2 2 8 8 2 10 10 10 2 10 10 2 2 2 10 8 10 8 2 2 10 8 2 10 10 2 8 2 8 10
left_child=1 4 8 14 5 7 27 12 23 -3 16 -12 13 -1 40 28 -11 31 38 20 21 -20 -23 24 -2 -26 36 -7 -16 42 -15 32 -10 39 -35 46 -14 48 43 44 -4 -38 -6 -19 45 -33 -36 -46 -21
right_child=2 9 3 -5 29 6 -8 -9 17 10 11 -13 26 30 15 -17 -18 18 19 37 -22 22 -24 -25 25 -27 -28 -29 -30 -31 -32 33 -34 34 35 -37 41 -39 -40 -41 -42 -43 -44 -45 47 -47 -48 -49 -50
leaf_value=-2.146533046396025 -2.547375027644577 -1.9962005064277908 -2.5359498626529664 -2.2459382887384565 -2.5538035035249331 -2.2773179155434358 -2.4718746576989998 -2.1804374087280429 -2.353779642213166 -2.5219029968641711 -2.0335627806937442 -2.3786325379006041 -2.4781817149268464 -2.3697630607904423 -2.6341712179924017 -2.2025264686335073 -2.2496806571558792 -2.5878354365267846 -2.6445905942702286 -2.6563175222741151 -2.1581223482803549 -2.220728416997606 -2.521762218462694 -2.6376964055080316 -2.1496767862667854 -2.4571011685539128 -2.3862254937121534 -1.9711510917969077 -2.4114954954572529 -2.3899067911422898 -2.5690306913016037 -2.6550840457497453 -2.6562984225010968 -2.3248163600876293 -2.5969502087049139 -2.5102804963742762 -2.5528402716264802 -2.484742721441088 -2.527313574380238 -2.5411695952633546 -2.6569600108422802 -2.6572897765912007 -2.6565066597752196 -2.6582529668557124 -2.6590431866682258 -2.5649916554703607 -2.6581579288157449 -2.6264490249966639 -2.6189085943199801
leaf_weight=12.542671643197535 19.74690393358469 11.828719988465307 14.298401132225989 20.402282416820526 13.578792512416841 11.016401305794718 11.953594721853731 12.082933992147444 11.682786889374258 19.698335960507396 20.696838490664963 11.118835203349589 12.454454302787779 17.854238495230678 17.92142628133297 15.526405625045298 11.929631322622297 13.728281065821646 16.51564234495163 16.007610149681572 11.031081616878508 14.098402455449106 14.876384802162645 12.48102520406246 12.17562220990658 12.785524912178515 17.055591106414795 10.596111439168451 18.626272276043892 10.259541690349577 13.335684821009634 11.33818317204714 15.906942479312418 11.353142231702803 10.472348771989344 14.706448040902613 11.974558323621748 10.610062934458254 13.002311654388903 10.877011291682718 20.313688926398754 23.54460496455431 17.076269082725048 43.666669294238091 142.4768458455801 10.741594530642031 40.287780992686749 11.04725621640682 9.4387606754899007
leaf_count=85 129 84 96 145 91 77 80 82 78 131 147 74 85 122 116 105 82 92 112 108 66 86 100 80 78 79 117 72 126 72 95 81 103 75 76 102 87 75 87 74 140 150 114 306 954 70 268 74 68
internal_value=-2.49862 -2.37439 -2.55304 -2.44936 -2.4279 -2.39393 -2.24512 -2.43581 -2.57478 -2.23637 -2.28338 -2.15183 -2.46501 -2.36454 -2.49797 -2.42479 -2.4178 -2.58909 -2.54267 -2.48287 -2.40962 -2.4725 -2.37389 -2.46134 -2.41148 -2.3047 -2.53289 -2.12186 -2.52091 -2.55594 -2.45482 -2.61503 -2.52802 -2.6241 -2.57233 -2.61588 -2.58541 -2.59747 -2.62103 -2.64526 -2.60775 -2.62286 -2.61203 -2.64198 -2.65162 -2.61279 -2.64621 -2.65696 -2.64407
internal_weight=888.741 270.598 618.143 107.088 195.325 154.411 33.5661 120.845 511.055 75.2724 63.4436 31.8157 108.762 43.7326 86.6862 52.0741 31.628 453.866 162.975 92.5779 56.5215 45.4904 28.9748 57.1891 44.7081 24.9611 65.0292 21.6125 36.5477 40.9146 31.1899 290.89 27.5897 263.301 76.8197 65.4666 47.9736 36.0564 70.3973 186.481 34.6121 35.5192 30.6551 57.395 175.604 22.0798 50.7601 153.524 25.4464
internal_count=5996 1847 4149 728 1329 1052 229 823 3421 518 434 221 741 302 583 347 213 3055 1100 615 364 298 186 366 286 157 439 149 242 277 217 1955 181 1774 521 446 322 251 485 1253 236 237 205 398 1179 151 344 1028 176
is_linear=0
shrinkage=1


Tree=1
num_leaves=49
num_cat=0
split_feature=76 154 139 150 166 101 163 5 44 115 164 49 97 85 83 111 66 58 158 161 150 146 144 139 162 32 160 116 167 163 166 166 41 49 41 43 164 157 21 141 155 150 32 139 161 146 137 166
split_gain=188.143 50.4214 44.9758 35.106 32.4883 32.8584 30.7822 28.9948 26.7291 25.5198 30.6579 37.2145 27.208 26.6655 21.9656 20.7592 26.1868 17.3393 17.1132 16.6171 20.6337 26.6802 13.9061 25.3862 38.018 13.7203 25.7725 36.8911 19.5069 13.2005 14.9688 23.1515 23.0467 11.7734 10.8759 6.91219 6.8707 15.312 6.42191 5.34866 4.32273 6.68418 3.5279 3.13313 0.860959 0.759197 0.602984 0.49878
threshold=5.2500000000000009 0.061534411569666748 0.10641552511415527 0.072114967613123512 0.046469352817634708 2.876626690723302 0.1055706303313149 56.250000000000007 4.7500000000000009 3.1035208572522008 0.067285082373323327 1.1699002767956046 2.3675226909111218 0.57735026918962651 4.8333333333333348 2.5000000000000004 6.5000000000000009 3.5000000000000004 0.088739382481158258 0.16234189319299916 0.051128577400865675 8.06817509612541 6.7121111379755005 0.041031845842008564 0.092666144844438317 0.42690522945533588 0.011896435785794083 37.399025974025982 0.13195763102577932 0.071134723773328704 0.034652035731385658 0.050163632883440175 -0.089972448321566506 1.1842367438264729 -0.23738467369932345 6.6125000000000007 1.0000000180025095e-35 0.054692764329071865 1250.0000000000002 0.080994911793381572 0.044904920467334179 0.054316563191364901 -0.079730670634376152 0.049247698181001574 0.054023652448849303 9.5354298273576656 0.01479049361014329 0.046469352817634708
decision_type=2 10 10 10 8 2 8 2 2 2 8 2 2 2 2 2 2 2 10 10 10 10 10 10 8 2 10 2 10 8 8 8 2 2 2 2 10 10 2 10 10 10 2 10 10 8 10 8
left_child=2 8 9 22 5 -5 7 18 -2 10 14 -12 13 -11 -1 16 -6 -10 -4 20 21 -15 35 44 -25 36 27 -27 38 39 -31 32 -32 -17 -33 -3 37 43 -28 47 46 -42 -36 45 -24 -19 -38 -22
right_child=1 3 6 4 15 -7 -8 -9 17 12 11 -13 -14 19 -16 33 -18 25 -20 -21 29 -23 23 24 -26 26 28 -29 -30 30 31 34 -34 -35 42 -37 40 -39 -40 -41 41 -43 -44 -45 -46 -47 -48 -49
leaf_value=-0.070946134498024685 0.075673975798567217 -0.036366915027068548 0.25246717818235381 0.37409221909566154 0.23950334321886083 0.05195197394336272 0.072207387085704025 0.094574211620743337 0.062290235554367947 0.17584759671062339 0.10366047169451442 0.44307549684886144 0.2250043950588789 -0.03651475474057559 0.1802036476058427 -0.1584646927505067 -0.018584483752376126 -0.15824106178221548 0.50674444471334112 0.16326484150067594 -0.1117121166862285 0.21195919517695486 -0.15726351389516352 0.19645997433899248 -0.10806431580330016 0.22193713963594777 -0.051375588552866988 -0.12771771842093446 0.084382383678516609 -0.14372449339452845 -0.0014791913457268021 0.054710616072245616 0.28972632683060479 0.01381539331562852 -0.15884377869591115 -0.15915148832661954 -0.11035596434163626 0.048871352461102129 -0.15531626076286018 -0.029158007427988561 -0.0056367266048461644 -0.14458919995516656 -0.042203274162367792 -0.051966925804038305 -0.091279140653865373 -0.10232946625898282 -0.15957575851489988 -0.16029512625673384
leaf_weight=17.275599934160713 20.661674164235592 15.764503344893454 14.076849788427355 12.966032534837725 15.212196394801138 15.182451061904429 26.270096749067307 12.660626046359537 14.176121063530443 21.048295177519321 16.699898377060894 12.602545663714407 15.061811432242392 20.098785474896431 13.504021212458609 16.254366710782051 19.834542669355869 27.814555108547211 11.660883553326128 12.380627013742922 11.627538442611696 17.90313371270895 13.102998323738577 21.286507807672024 15.460054628551005 14.639882795512678 17.917841657996178 11.856933146715162 10.614196822047232 14.04193816334009 12.477533489465715 14.353925123810759 11.361261665821074 18.695579469203949 13.208451554179186 29.612457200884819 9.0521139204502088 14.58035374432802 54.480143643915653 13.257004573941229 12.160652607679365 20.685123682022095 10.54291255772115 10.911821886897085 9.3269891962409002 9.8353928029537183 114.1670677959919 18.922913402318954
leaf_count=104 121 105 86 83 92 99 142 76 94 127 101 77 85 133 89 110 141 209 69 77 76 114 94 141 104 91 122 86 71 86 79 91 70 130 81 206 71 99 385 84 93 151 69 69 69 70 855 119
internal_value=-0.00268243 -0.0548351 0.0864946 0.00470584 0.0685886 0.20281 0.197687 0.282262 -0.0880076 0.0593001 0.144505 0.252763 0.0343033 0.0189412 0.0399428 0.0139536 0.0945626 -0.0979303 0.372353 -0.000751622 -0.0139166 0.0813156 -0.055287 -0.00757459 0.0685087 -0.104892 -0.0615595 0.0658057 -0.102308 -0.0442596 -0.0065959 0.0250529 0.139252 -0.0669998 -0.0469402 -0.117033 -0.126422 -0.0842265 -0.129922 -0.109081 -0.143292 -0.0936804 -0.108285 -0.124245 -0.131451 -0.144595 -0.156247 -0.143118
internal_weight=897.289 566.253 331.037 202.699 98.1452 28.1485 64.6685 38.3984 363.554 266.368 60.0821 29.3024 206.286 191.224 30.7796 69.9967 35.0467 342.892 25.7377 170.176 157.795 38.0019 104.554 59.1765 36.7466 328.716 109.509 26.4968 83.0122 119.793 75.986 61.9441 23.8388 34.9499 38.1053 45.377 219.207 63.1421 72.398 43.8075 156.065 32.8458 23.7514 48.5618 22.43 37.6499 123.219 30.5505
internal_count=5996 3961 2035 1374 655 182 373 231 2587 1662 371 178 1291 1206 193 473 233 2466 155 1079 1002 247 719 408 245 2372 755 177 578 755 476 390 149 240 241 311 1617 447 507 279 1170 244 150 348 163 279 926 195
is_linear=0
shrinkage=0.148984


Tree=2
num_leaves=50
num_cat=0
split_feature=76 136 16 139 143 158 6 116 155 152 143 58 97 18 2 17 17 128 140 151 144 151 31 154 123 45 146 40 140 49 166 53 103 139 148 143 143 87 41 42 17 58 141 162 143 46 44 163 136
split_gain=131.752 42.7039 27.1779 32.9658 61.5181 35.2055 27.0911 27.0201 30.3869 37.9684 29.4535 24.5821 19.3659 20.5689 19.4219 20.7516 25.5865 24.7454 20.2118 27.0341 20.1862 19.0153 24.0763 27.6761 20.7496 26.334 17.422 17.0308 19.3639 13.7417 13.5131 13.4709 12.613 10.9719 10.2589 9.97062 8.07821 7.93184 7.41095 7.00954 4.045 3.50889 3.17844 1.86407 1.74071 3.75094 1.08944 1.0767 2.04734
threshold=5.2500000000000009 0.076483584111917496 87.500000000000014 0.10124244223836 7.1763414235653373 0.075704291675253568 -0.45602192699077321 37.601146788990832 0.066705698672911803 0.092522042558280435 8.0517407695847663 2.5000000000000004 0.60909714015444882 96.491954022988523 4.8500000000000005 6.9796001631986959 5.1135110294117654 2022.5000000000002 0.061400689444164769 0.075795782704654591 6.290595578123348 0.053147272357798682 7.881944444444458 0.061534411569666748 18.500000000000004 3.3792959491464387 7.953590185430472 32.500000000000007 0.08225071500383753 0.74657922925440812 0.092186691095317352 4.3211366339176802 6.2250000000000005 0.1036409290646579 9.2720909493449444 8.2649065096952921 6.5091617416597769 6.5833333333333348 -0.063855891207670781 8.5000000000000018 5.2440445696721314 3.5000000000000004 0.067765902122411778 0.11917578708021073 8.8603988603988615 38.95000000000001 5.7500000000000009 0.12636173730573583 0.048599116463367294
decision_type=2 10 2 10 10 10 2 2 8 10 10 2 2 2 2 2 2 2 10 10 10 8 2 10 2 2 10 2 10 2 10 2 2 10 10 10 8 2 2 2 2 2 10 8 10 2 2 8 10
left_child=2 11 3 12 -5 -6 43 8 9 -8 32 -2 13 -1 15 16 18 -18 38 -20 -16 30 29 24 25 -24 -19 -4 41 -23 34 36 33 -10 40 39 -31 -26 -14 -22 -13 -29 -15 -3 47 -46 -38 -42 -49
right_child=1 6 27 4 5 -7 7 -9 10 -11 -12 21 14 42 20 -17 17 26 19 -21 35 22 23 -25 37 -27 -28 28 -30 31 -32 -33 -34 -35 -36 -37 46 -39 -40 -41 44 -43 -44 -45 45 -47 -48 48 -50
leaf_value=0.10736509177580165 0.13459886617180919 -0.15785352654848064 0.11420257448417538 0.0063512499209610399 0.16195427602960805 0.44841041793602376 0.065118672386968682 -0.093456991672255726 -0.16014093710219968 0.40843790979801448 0.197427263349021 -0.03850786274196813 0.060113181092778772 -0.15926145294228622 0.15687728324908129 -0.061716141402181339 0.087351349112501475 0.42475771559773079 0.27947306575942521 0.0051518082467010944 -0.011395262111543073 0.042846316973146288 -0.061329344366521855 0.15515847694374779 -0.15160124999457611 0.21694187003152041 0.17750896792234275 -0.063967366961245692 0.06217072558424435 -0.0087939818545789469 0.052186725429868706 0.020804077937875764 0.083246559458290292 0.018235516519342587 -0.0010004227389111414 0.055744380452983938 -0.10066626490330847 -0.0062730167815162824 -0.088528490686525546 -0.16088783609238072 -0.15863575981559247 -0.15987823844799032 -0.053176387987025349 -0.069433811944178858 -0.050719368878135357 -0.15607083938916805 -0.15568747619346887 -0.063905801586855895 -0.15603622093044148
leaf_weight=14.469302028417586 11.861003033816813 13.730957716703417 17.103248752653599 27.073151595890522 20.761641182005405 18.211981669068336 16.825658947229389 22.346788838505745 18.13956151530147 12.310714811086653 16.426783628761768 9.1039899140596372 14.076415963470938 14.218567259609701 14.846381425857542 13.042443484067915 18.798463121056557 14.15692573785782 17.131424658000473 14.710797399282454 12.547392360866072 14.272614382207392 17.986647553741935 21.22405756264925 27.810107842087746 12.571462228894232 12.573888964951037 15.399299308657644 20.064492374658585 10.408782735466955 9.8470952957868558 14.583568163216112 13.82752215862274 12.980555161833761 13.462382905185221 14.647695496678351 11.653876222670077 11.887322172522543 15.134810306131838 15.471503295004366 94.813076801598072 20.470269225537777 11.827561438083647 9.8086313307285291 14.2801515981555 16.572908483445644 70.832571372389793 9.9255531653761881 13.391985319554804
leaf_count=84 75 98 101 131 106 86 111 144 113 67 96 62 80 94 81 80 114 78 97 83 80 110 115 127 184 80 70 99 115 79 78 110 92 92 111 86 79 90 84 94 773 128 64 74 117 131 575 73 105
internal_value=-0.00391808 -0.0501254 0.0663829 0.0872284 0.179223 0.298306 0.0219712 0.0523375 0.0885307 0.212964 0.0286813 -0.0743156 0.0590965 -0.0336211 0.0803249 0.114457 0.136133 0.220374 0.0725117 0.154017 0.00909636 -0.080696 -0.0504162 0.00734562 -0.0377961 0.0541839 0.311839 -0.0146141 -0.0544174 -0.0937243 -0.116142 -0.111932 -0.0339236 -0.0862946 -0.125881 -0.0430901 -0.13277 -0.108471 -0.0170219 -0.0948035 -0.136493 -0.119608 -0.112286 -0.122398 -0.142388 -0.108304 -0.148322 -0.150982 -0.118179
internal_weight=899.624 542.886 356.738 283.7 66.0468 38.9736 136.397 112.858 90.5108 29.1364 61.3744 406.489 217.654 40.5154 177.138 119.625 106.583 45.5293 61.0534 31.8422 57.513 394.628 213.231 91.4796 70.2555 30.5581 26.7308 73.0373 55.9341 121.751 181.397 107.479 44.9476 31.1201 171.55 42.6666 92.8952 39.6974 29.2112 28.0189 158.088 35.8696 26.0461 23.5396 148.984 30.8531 82.4864 118.131 23.3175
internal_count=5996 3961 2035 1592 323 192 887 715 571 178 393 3074 1269 242 1027 686 606 262 344 180 341 2999 1549 596 469 195 148 443 342 953 1450 843 297 205 1372 260 733 274 164 174 1261 227 158 172 1199 248 654 951 178
is_linear=0
shrinkage=0.148984


Tree=3
num_leaves=47
num_cat=0
split_feature=43 131 166 107 154 167 53 53 93 89 165 136 6 79 167 140 131 115 138 115 70 138 145 32 132 115 58 43 165 32 160 162 164 53 77 159 116 92 85 91 138 139 163 138 115 165
split_gain=97.107 36.761 35.4221 31.8675 38.4142 30.0019 27.3082 24.8146 25.5873 27.289 23.8766 23.0593 26.027 27.0069 23.6439 47.1165 21.3851 21.3696 20.8073 19.1014 18.4373 17.3265 15.6452 15.4644 14.6586 14.6145 21.6817 16.2863 15.55 11.6226 18.3293 16.775 10.2473 13.0989 10.0636 8.7054 7.17309 5.27137 3.7915 3.72903 2.45362 2.33986 1.66106 1.2255 0.735627 0.13662
threshold=5.7638888888888902 0.10103213060374967 0.044662223896107529 1.0000000180025095e-35 0.16954259301270419 0.12295912022314213 3.3640244544575082 3.2028630381179348 4.0124611797498124 2.0000000000000044 0.076386959340557573 0.056144358169562293 -0.71713785622003157 37.416666666666679 0.090517810636196044 0.07193644085585145 0.051500554251434537 4.7336391437308878 0.029924802107709026 3.00561797752809 6.5000000000000009 0.14320661083405681 10.092419340025794 -1.1310810934587894 0.09344327536009274 3.76764950166113 1.5000000000000002 5.2111111111111121 0.055094838353617809 0.58380210382019981 0.011896435785794083 0.055273018298228387 0.028807480652233892 4.3211366339176802 2.9433756729740685 0.059812473216686306 37.03407567993694 3.7500000000000004 6.0138568866708555 7.291666666666667 0.10652687082018421 0.04557261652969892 0.12953933528369124 0.066947718079738081 5.8646231046143784 0.15060291832736611
decision_type=2 10 8 2 10 10 2 2 2 2 8 8 2 2 10 10 10 2 8 2 2 8 10 2 10 2 2 2 10 2 8 10 10 2 2 10 2 2 2 2 10 10 8 10 2 8
left_child=1 7 -3 4 11 17 -5 20 9 -9 16 22 45 14 18 -16 -11 19 -14 -4 23 39 29 -1 36 26 -25 34 -28 32 -31 41 33 35 43 42 40 -22 44 -15 -20 -32 -2 -27 -34 -13
right_child=3 2 5 6 -6 -7 -8 8 -10 10 -12 12 13 21 15 -17 -18 -19 24 -21 37 -23 -24 25 -26 27 28 -29 -30 30 31 -33 38 -35 -36 -37 -38 -39 -40 -41 -42 -43 -44 -45 -46 -47
leaf_value=0.14404987093575611 -0.15699675679984162 0.33179037742963685 0.086884782212372932 0.16767318778577808 0.17790778035557711 0.23542688892732763 -0.057794407180810019 -0.061906602442509062 -0.090782988124640904 0.39594461200141412 0.069802751903774607 -0.15814126269286749 0.13813411143400972 -0.072357619420889474 0.3129389253495159 -0.0075212972063228691 0.12857203558074906 0.17499495740779342 -0.16001994516161108 -0.080080362538744149 -0.041052412470116033 0.056232540010583552 0.091805837835025689 -0.09493397812985295 0.067045977074337251 -0.16130146667579257 0.23399897322471158 0.089093736811128296 0.027324206703025742 0.10608415644565747 -0.15794223265638119 0.030634880335938607 -0.1157594152034738 0.099770382090154083 -0.0028623161320999397 0.0056895033550088681 0.0063689043859336538 -0.16127131062089178 -0.048159685877408084 -0.15976607001877105 -0.06954235119107946 -0.067267446303496695 -0.076182281265865473 -0.094223636657660148 -0.15774346646545079 -0.11965951916091901
leaf_weight=17.082587718963623 25.444614857435226 15.273866169154642 29.393965817987919 27.260291010141373 14.753902249038218 24.090517267584801 20.79116590693593 13.188062462955711 14.178409047424791 14.361132577061655 24.904475003480911 23.88681185990572 15.782578915357588 18.311791192740202 17.235571436583996 24.23389694839716 12.925671868026255 21.000107876956463 22.263876017183065 30.852921910583973 14.403827361762522 14.797136455774305 9.4963877052068693 14.294767513871191 16.342984810471535 22.015153795480728 14.869665175676344 13.904461130499838 17.477149657905102 13.308060292154549 31.884431317448616 18.734258163720369 15.129945382475851 8.5257991775870305 18.390155985951424 12.920520570129154 11.081184901297091 19.022356800734997 8.6750104725360853 29.670775897800922 10.497151102870701 8.7066050171852094 8.4572542272508127 10.750761888921259 98.91090489178896 8.8951782733201963
leaf_count=93 219 70 125 145 103 117 125 83 87 80 143 190 105 122 106 142 78 117 153 145 82 105 77 78 89 142 81 88 95 84 267 144 133 60 104 103 74 113 71 213 70 66 75 68 897 69
internal_value=-0.00479804 0.0547458 0.121819 -0.0450631 -0.0564685 0.0904845 0.0703727 0.0211713 0.0891515 0.128418 0.176593 -0.0638884 -0.0274802 -0.00517037 0.0369829 0.127009 0.272171 0.0467727 -0.0124785 0.00140845 -0.0122771 -0.0838165 -0.0936243 0.013376 -0.052482 -0.0069529 0.0564777 -0.0524784 0.123657 -0.100754 -0.050222 -0.0856561 -0.121242 -0.0674575 -0.0912647 -0.0983658 -0.0971969 -0.110325 -0.145268 -0.12709 -0.131957 -0.139153 -0.137714 -0.140387 -0.152504 -0.148924
internal_weight=898.378 362.38 120.611 535.998 487.947 105.338 48.0515 241.769 79.5578 65.3793 52.1913 473.193 212.999 180.217 117.437 41.4695 27.2868 81.247 75.9678 60.2469 162.211 62.7797 260.194 128.785 60.1852 111.702 46.6416 65.0605 32.3468 250.697 72.6334 59.3253 178.064 55.3482 51.1561 46.8224 43.8422 33.4262 122.716 47.9826 32.761 40.591 33.9019 32.7659 114.041 32.782
internal_count=5996 1989 574 4007 3737 504 270 1415 471 384 301 3634 1438 1179 739 248 158 387 491 270 944 440 2196 749 386 656 254 402 176 2119 561 477 1558 457 314 397 297 195 1101 335 223 333 294 210 1030 259
is_linear=0
shrinkage=0.148984


Tree=4
num_leaves=52
num_cat=0
split_feature=75 1 130 44 167 143 32 167 82 80 94 39 58 148 138 148 144 115 148 19 142 93 19 39 28 131 152 154 163 62 139 165 123 15 159 67 16 144 161 84 39 115 154 58 158 40 131 19 143 142 31
split_gain=71.3451 31.1737 34.2578 27.5726 24.7343 30.1557 22.3762 23.6548 46.8324 23.248 26.0671 21.8221 19.2932 18.9382 18.7407 36.0644 23.4945 23.6541 21.4481 31.1326 25.6354 20.1584 18.1682 17.5083 15.4733 31.4125 15.4346 15.586 15.4159 14.7298 19.156 14.5639 13.5907 11.8489 11.2057 16.1413 10.2105 9.69468 9.19623 25.9418 8.28657 5.4116 5.24314 4.42464 4.04244 3.81204 8.20847 1.82081 1.23227 0.721637 0.0860239
threshold=4.8333333333333348 1.0000000180025095e-35 0.086026084885787044 4.7500000000000009 0.10075759021430072 7.1911369492473982 0.58380210382019981 0.13069471218369491 9.5000000000000018 36.875000000000007 38.050000000000004 0.35504201680672276 1.5000000000000002 6.5715180214813271 0.043849670064628261 8.6771192625951752 7.1768082663605064 3.5022123893805315 7.6576831859993222 86.500000000000014 7.1272462734391269 3.130495168499706 46.500000000000007 0.32291666666666669 2.5000000000000004 0.05454766046979611 0.075482183922621751 0.1033137441588146 0.074718227457444622 35.550000000000004 0.049247698181001574 0.077849557755311785 26.500000000000004 3.5000000000000004 0.085958595437268429 5.5000000000000009 48.500000000000007 7.5010729613733913 0.036583398557695192 4.2500000000000009 0.16025641025641027 2.8462301587301595 0.060009025270758125 4.5000000000000009 0.026007495965891813 31.000000000000004 0.055776516648487443 53.500000000000007 9.2938567217309096 7.6012023912937918 -1.2613636363636258
decision_type=2 2 8 2 10 10 2 8 2 2 2 2 2 10 10 10 10 2 10 2 10 2 2 2 2 8 8 10 10 2 10 10 2 2 10 2 2 10 8 2 2 2 10 2 10 2 10 2 10 10 2
left_child=12 2 3 23 11 -6 13 9 -9 10 -8 26 31 -5 16 18 17 -14 19 20 22 33 -16 36 25 -3 37 -28 -22 30 40 32 -1 -20 45 -36 -2 49 39 -31 -15 -33 50 -40 -11 46 -26 -19 -45 -4 -41
right_child=1 24 4 6 5 -7 7 8 -10 44 -12 -13 14 29 15 -17 -18 47 21 -21 28 -23 -24 -25 34 -27 27 -29 -30 38 -32 41 -34 -35 35 -37 -38 -39 43 42 -42 -43 -44 48 -46 -47 -48 -49 -50 -51 -52
leaf_value=0.12203120425421321 0.23075981600629289 0.19119245388411857 -0.16019151678697591 0.11668331875533203 -0.017263576891481138 0.24315543244208568 -0.063888088805976392 0.33434297807427915 -0.08343689742684865 -0.044935738020461885 0.20860743208152421 0.16292718161916908 0.10449540203133563 0.03602682620973803 0.011468874069188138 0.31596227594555948 0.13619313548577322 -0.16307241709066672 0.045621295095395829 -0.068996036541040265 0.15188136086586845 0.1332336362269356 0.20429910404509111 -0.062583628581699163 -0.15662524192500024 -0.15892586083030436 -0.038568571191714279 0.16432142726508003 0.36066967923922949 0.17846583386646406 0.12593774768074475 -0.026626429770904406 -0.056552397327860347 -0.12771036472964961 0.10071379534488639 -0.13090326865690349 0.045358938647039791 0.022909107506543142 -0.035811549156370845 -0.15498530193938101 -0.14254061509766705 -0.1517081973192391 -0.023227169980418943 -0.15795922913291974 -0.1575446085341613 -0.15948685908132038 0.030087570693242038 -0.082995028349744718 -0.10516199293018774 -0.10212540612822239 -0.11550891776075276
leaf_weight=22.186459220945835 13.87495366483927 11.173954021185638 17.701084055006508 9.5787906572222692 15.938192069530485 25.444045603275299 18.163997665047649 11.975857496261598 11.363240618258713 10.378037787973879 13.197101246565579 15.544586725533007 13.560230925679205 8.1362700462341326 27.727002710103989 15.592504084110258 20.644528910517693 17.248807035386566 14.259239278733729 15.554068081080912 16.042657852172852 17.701372981071472 17.543251574039459 13.593727201223372 13.402498401701452 10.95997069403529 20.827089428901672 13.676439456641672 16.667530179023743 7.9987646937370291 13.727130256593226 15.388497866690161 16.073135055601597 21.845838256180286 11.378469679504635 15.299196738749741 12.669780645519493 11.183465190231798 8.3485165238380414 20.426286321133375 18.648749642074108 15.336477406322954 10.816177714616058 81.338296454399824 24.310053311288357 69.415358081459999 8.3034281767904741 11.717787917703388 14.217006694525478 9.9981865249574167 7.0844406522810486
leaf_count=107 76 74 133 74 90 129 127 77 86 87 88 95 70 69 129 70 110 98 76 72 78 87 89 72 113 77 139 73 81 64 96 73 76 119 66 116 76 64 57 204 172 82 98 730 200 542 68 72 136 67 72
internal_value=-0.00506642 -0.0345563 -0.0158033 -0.0413457 0.0487939 0.143476 -0.0573853 0.00459724 0.132516 -0.0410138 0.0517048 0.00438819 0.0548774 -0.0850077 0.0758953 0.102559 0.00695662 -0.0563149 0.0793569 0.122353 0.160642 0.00434113 0.0870804 0.0739738 -0.0960524 0.018026 -0.02974 0.0426031 0.260668 -0.0953101 -0.0154387 -0.0140426 0.0471561 -0.0594505 -0.117478 -0.0320925 0.14382 -0.0937638 -0.116772 -0.0609753 -0.0885079 -0.0899574 -0.111982 -0.141393 -0.124554 -0.142282 -0.0857845 -0.131906 -0.150471 -0.140601 -0.146226
internal_weight=895.183 600.093 460.16 329.847 130.313 41.3822 289.709 89.3883 23.3391 66.0492 31.3611 88.9309 295.089 200.32 226.105 162.933 63.1714 42.5268 147.341 93.5345 77.9804 53.8065 45.2703 40.1385 139.933 22.1339 73.3863 34.5035 32.7102 190.742 40.5121 68.9846 38.2596 36.1051 117.799 26.6777 26.5447 38.8827 150.229 46.3257 26.785 30.725 38.3269 103.904 34.6881 91.1213 21.7059 28.9666 95.5553 27.6993 27.5107
internal_count=5996 4507 3451 2661 790 219 2437 665 163 502 215 571 1489 1772 1151 801 350 240 731 449 377 282 218 224 1056 151 476 212 159 1698 337 338 183 195 905 182 152 264 1361 438 241 155 374 923 287 723 181 170 866 200 276
is_linear=0
shrinkage=0.148984


Tree=5
num_leaves=50
num_cat=0
split_feature=91 97 1 131 142 138 149 44 124 148 103 32 80 40 158 159 103 86 45 123 57 148 163 137 141 163 164 165 47 60 145 165 66 146 145 141 53 141 32 148 146 165 100 76 115 40 143 80 163
split_gain=56.0488 30.1513 34.2229 23.2788 39.1665 20.8719 20.3308 21.2913 20.8502 21.9924 20.0397 24.5898 29.4531 19.1979 18.4742 18.2477 29.2814 15.9254 17.643 18.3979 25.8587 15.3648 14.2198 13.9772 20.0038 12.8572 11.6946 11.3663 10.7942 15.5211 11.415 10.5588 17.4774 9.90455 9.93935 9.78986 9.57855 7.1425 6.83762 5.49871 4.92147 2.99881 2.66159 2.46875 2.16641 1.44116 1.39884 0.755723 0.301478
threshold=8.2250000000000014 2.5716070872683088 0.15891957779710034 0.029279674226482741 6.8939150531856841 0.08318414971686855 10.374021134980946 3.7500000000000004 0.46410256410256429 8.4555369375554381 6.5500000000000007 0.13886378184390838 36.125000000000007 58.000000000000007 0.063385133954854539 0.084724975880554901 6.1000000000000005 6.5000000000000009 4.4363887122552095 26.500000000000004 2.9272935373238131 7.7095620807747975 0.047291146789710754 0.1333166503206846 0.082133270158344235 0.11322011479853829 1.0000000180025095e-35 0.071156294303156578 35.705000000000005 3.5000000000000004 7.2557110533701037 0.046551268498942928 3.5000000000000004 8.0394598274566551 7.9318086655545175 0.10306004317655627 2.1213203435596437 0.090770471118128179 -0.8118091891478838 7.563078581845267 7.682114599183671 0.058033401184307928 5.2500000000000009 4.7500000000000009 4.9132518796992484 43.000000000000007 7.774190564292323 38.57500000000001 0.068189269746646811
decision_type=2 2 2 8 10 10 10 2 2 10 2 2 2 2 10 10 2 2 2 2 2 8 8 10 10 8 8 10 2 2 10 10 2 10 10 10 2 10 2 10 10 8 2 2 2 2 10 2 10
left_child=1 2 3 4 -1 -3 7 8 9 21 11 26 -13 -10 47 38 -17 35 19 20 22 23 -19 24 -5 27 -2 -24 45 -30 -31 32 -6 34 40 41 -27 -28 -4 -34 -32 -9 -12 -40 -33 -21 -41 -14 -35
right_child=10 5 15 6 31 -7 -8 17 13 -11 42 12 14 -15 -16 16 -18 18 -20 28 -22 -23 25 -25 -26 36 37 -29 29 30 33 44 39 48 -36 -37 -38 -39 43 46 -42 -43 -44 -45 -46 -47 -48 -49 -50
leaf_value=0.14701497333775998 0.049124470283342173 0.05595092856505865 -0.02292563640732577 0.017125474053526654 0.10667083258507903 0.28489087546393549 0.20673689192679917 -0.059763472189229797 0.22423548292720027 0.18231003498441628 -0.074213190825405076 0.17054961992536338 -0.15651711274597413 0.046816039927146925 0.076317939229522111 0.17068245284319697 -0.13873548757606247 -0.10150255331062094 0.13984609286614338 -0.084290278045224862 0.18658269579789954 -0.093830066839670781 0.20991550307878801 -0.041767793853331042 0.22835382328374623 0.057446546533168767 -0.15643079958536002 0.018843093969029778 0.14222245749198964 0.099103568646389792 -0.13790104592774019 -0.084757710722795782 0.0039272003200639715 -0.11310112124473297 0.10615977358570663 0.03844180516663865 -0.11043210007453988 -0.011226015165922162 -0.090444458279889756 -0.15892441572779753 0.0014170453093917629 -0.15096843710189631 -0.15693956421829908 -0.15880418038856023 -0.15869844881304504 -0.16090310111650488 -0.077663857873943143 -0.091864180307984211 -0.1599495758884299
leaf_weight=19.809318117797375 9.0790972448885423 23.614654514938593 14.977557890117167 27.390852153301239 13.698743857443331 14.010609194636343 14.54051163420081 13.933237832039593 30.560886517167091 18.341743223369122 11.235922019928692 20.488357570022345 14.431482218205931 24.47110939770937 15.130723431706427 14.638089310377838 12.134146995842455 19.097281720489264 24.083503719419241 12.145766336470844 23.535921022295952 25.142865374684334 14.209722254425289 27.292167082428932 15.369119748473166 15.678229346871378 44.810789313167334 13.313311852514742 12.018503293395041 10.704461738467215 11.120334889739754 14.38782402127981 9.3940792083740217 10.167906530201437 10.200850360095499 12.325683016330002 13.989283785223959 9.0831577219068986 19.257384710013866 14.710074089467527 11.073374092578886 20.729095410555601 55.36799431592226 38.067787881940603 29.350262902677059 12.272301882505415 8.3645652681589109 8.086185544729231 12.85426130145788
leaf_count=122 74 138 104 137 76 65 85 93 143 74 101 133 124 116 107 86 81 144 143 72 134 120 81 101 70 107 466 76 57 69 79 87 74 81 71 67 88 58 111 117 69 142 581 313 243 78 75 73 90
internal_value=-0.00566741 0.013652 0.00628306 0.0204251 -0.0411138 0.142841 0.0352312 0.0294479 0.0710408 0.0343833 -0.0779204 -0.0416378 0.0281779 0.14605 -0.0500647 -0.0743584 0.0304603 0.00375646 0.0201536 0.00571714 0.051168 0.00537985 0.00880176 0.0412457 0.0941491 0.0459853 -0.105913 0.118736 -0.0385431 -0.0113459 -0.0397952 -0.0829295 -0.032886 -0.0670293 -0.0135858 -0.0748841 -0.022039 -0.132163 -0.113135 -0.09222 -0.0693317 -0.115165 -0.143394 -0.136453 -0.135147 -0.124337 -0.130894 -0.13487 -0.141045
internal_weight=890.691 702.977 665.352 566.277 109.715 37.6253 456.562 442.022 168.569 113.537 187.714 121.11 58.1367 55.032 37.6484 99.075 26.7722 273.453 226.465 202.382 99.8237 95.195 76.2878 70.0521 42.76 57.1905 62.973 27.523 102.558 78.1397 66.1212 89.9055 46.1675 55.4167 32.3946 46.988 29.6675 53.8939 72.3027 32.4687 22.1937 34.6623 66.6039 57.3252 43.7381 24.4181 23.0746 22.5177 23.0222
internal_count=5996 4279 4076 3381 794 203 2587 2502 761 502 1717 1035 437 259 304 695 167 1741 1439 1296 630 428 496 308 207 352 598 157 666 516 459 672 342 390 219 302 195 524 528 266 148 235 682 424 330 150 192 197 171
is_linear=0
shrinkage=0.148984


Tree=6
num_leaves=52
num_cat=0
split_feature=91 118 97 58 136 58 146 153 142 147 155 49 83 45 166 103 29 159 160 154 163 49 17 142 145 50 161 143 133 101 147 129 53 158 158 165 133 158 160 97 41 28 52 49 131 140 133 136 149 135 115
split_gain=43.494 22.6437 20.2292 23.4367 31.0198 26.7088 22.5723 22.7466 29.1716 28.3743 26.7686 34.0251 22.4808 22.8114 18.4414 18.4322 19.9453 23.0212 37.4232 27.5349 17.6505 17.4723 15.3165 15.3095 18.8065 15.0063 29.1186 14.4342 13.9777 17.1973 13.5573 12.1034 11.0104 10.9822 9.63151 9.31434 12.6249 7.78454 7.59944 7.52568 7.09127 5.50408 2.91394 2.25936 1.82301 1.78266 1.53945 1.31977 1.06209 1.04261 0.0932721
threshold=8.2250000000000014 287.00000000000006 3.2399556850852984 3.5000000000000004 0.054752541830628776 1.5000000000000002 8.3152527491729789 0.022852731327769427 7.5819383967354144 8.0346573982125147 0.055013843061402522 1.2042747824760616 4.166666666666667 3.4318767136623349 0.041882620049170143 6.5500000000000007 453.00000000000006 0.044863750542823023 0.029084423821394815 0.056957997948639753 0.072639771034266457 1.2130507255705254 6.3294148532757726 6.836487862841623 8.5852477594095404 14.500000000000002 0.058888451131224866 7.4218513573653766 0.017453413178647206 2.7838676969280542 6.860042263294015 8.1369759967842228 2.3357118611166796 0.06439782112932807 0.100791099867286 0.052706659659133577 0.052378426809230362 0.07160250860474858 0.11868616455473972 1.289961181493309 0.0076970993795528906 4.5000000000000009 5.2500000000000009 1.8191442152128414 0.054738385367846761 0.060978710497615503 0.092660758951886205 0.070364955605696985 7.6803933995161531 0.091390397674345356 6.7815482502651117
decision_type=2 2 2 2 8 2 10 10 10 10 8 2 2 2 8 2 2 8 8 10 8 2 2 10 10 2 8 10 10 2 10 8 2 10 10 10 10 10 8 2 2 2 2 2 10 10 10 10 10 10 2
left_child=1 2 3 5 25 23 7 31 10 22 11 -9 13 20 -14 16 49 18 -18 45 -7 40 -10 -1 39 28 -27 -23 29 -5 -19 46 -12 -13 38 36 41 -34 47 48 -16 -30 -17 -32 -43 -20 -6 -8 -25 -2 -37
right_child=15 -3 -4 4 6 12 34 8 9 -11 32 33 14 -15 21 42 17 30 19 -21 -22 27 -24 24 -26 26 -28 -29 35 -31 43 -33 37 -35 -36 50 -38 -39 -40 -41 -42 44 -44 -45 -46 -47 -48 -49 -50 -51 -52
leaf_value=0.10273556279358247 -0.15546581382393346 -0.15943375974388097 0.15593841614886608 0.1152202751563291 -0.15779721441854946 -0.027041420328892316 -0.093716541110806295 0.22088262281059096 0.00017864692000881593 0.30484235833221862 0.069830104861345277 -0.11664413313029634 0.17065840421450401 0.27971847818884082 -0.10290818455279833 -0.065603752490989195 0.32730615290101728 0.046945010093822945 -0.15413871621691055 0.14804446425689113 0.17424649271164999 0.18675868446816268 0.20071751592918474 -0.16628716437282068 0.089698359139346984 0.21012900015138888 -0.12613317840922361 -0.0087924452725530993 -0.017887505100227189 -0.12492964430389064 -0.15884718077555543 0.032313115103477272 -0.010809169042934596 0.077017862507464119 0.032344759985196918 -0.15913948687715332 0.071137442987531926 -0.12800670851650911 -0.011808314436239491 -0.016734433200457498 0.012521619647627134 -0.15811090317076451 -0.15566383053282404 -0.062205091945841923 -0.070187104681739471 -0.056732790006610856 -0.078324425894637173 -0.16483556760187551 -0.10568868815338063 -0.0805351390520712 -0.12321762071420864
leaf_weight=16.759739585220814 24.158626992255453 16.683757092803717 21.471851032227278 15.230319630354645 13.283867765218021 17.078357584774494 10.7498179897666 26.636556953191757 21.949445027858019 18.510038964450359 15.652282923460005 12.588830884546043 18.796327780932188 20.814603123813868 25.5903644785285 10.32231282442808 9.7169706635177118 13.040727064013479 11.799005579203369 15.151909958571194 21.758027270436287 16.645947121083736 13.437913049012421 18.674131225794554 14.762369301170109 11.516855340451004 10.773556571453808 16.507293187081814 12.38475940749049 11.219446226954458 21.782159402966503 20.030470002442598 24.093892432749271 12.800024561583994 18.07239180803299 42.038130663335323 11.706177372485397 26.156388618052006 15.735690496861933 15.987766139209269 21.606583438813686 22.261044718325142 48.315569277852774 7.8566222041845313 7.8132954090833655 7.1750334091484538 10.923586238175629 18.664076436311007 13.839589014649389 6.3116368055343619 8.4892796315252763
leaf_count=76 268 128 98 112 101 76 86 134 126 93 77 79 89 93 132 99 63 98 122 102 94 77 70 96 67 92 85 77 106 96 188 138 142 74 103 364 77 147 106 77 106 198 583 70 69 64 56 114 69 60 79
internal_value=-0.00595908 0.0104756 0.0146358 0.0100476 -0.010631 0.0474801 0.0189355 0.0418424 0.066352 0.156825 0.0246983 0.104275 0.0827958 0.154841 0.039101 -0.0722699 -0.0379205 -0.00127341 0.0742896 -6.25774e-05 0.0862189 0.00778565 0.0774176 -0.022649 -0.0562062 -0.0643787 0.0481059 0.0902164 -0.0835665 0.0130852 -0.0788721 -0.0531539 -0.0383169 -0.0192575 -0.059171 -0.107951 -0.0644571 -0.0722259 -0.0957734 -0.100904 -0.0503292 -0.102087 -0.140241 -0.134143 -0.136222 -0.118816 -0.123386 -0.140098 -0.141741 -0.140917 -0.153896
internal_weight=885.325 709.695 693.011 671.539 432.718 238.821 279.285 216.063 171.825 53.8974 117.928 52.0254 158.798 59.651 99.1465 175.631 116.993 86.5224 43.8429 34.1259 38.8364 80.3502 35.3874 80.0236 63.2639 153.433 22.2904 33.1532 131.142 26.4498 42.6795 44.2379 65.9026 25.3889 63.222 104.693 54.1653 50.2503 45.1496 48.5015 47.1969 42.4591 58.6379 29.6388 30.0743 18.974 24.2075 29.4139 32.5137 30.4703 50.5274
internal_count=5996 4279 4151 4053 2924 1129 1646 1237 942 289 653 287 744 263 481 1717 1035 707 351 288 170 392 196 385 309 1278 177 154 1101 208 356 295 366 153 409 893 450 289 306 242 238 373 682 258 267 186 157 200 165 328 443
is_linear=0
shrinkage=0.148984


Tree=7
num_leaves=53
num_cat=0
split_feature=91 1 150 159 129 121 78 155 103 47 85 149 45 44 129 163 62 5 18 20 165 165 145 139 91 87 152 28 129 129 137 161 144 109 6 118 120 154 158 31 154 50 158 15 162 155 154 77 148 139 121 150
split_gain=33.9228 20.7992 18.9478 30.9484 30.1997 26.1153 18.8346 17.6499 33.762 23.4084 21.7061 17.8158 17.3436 17.4831 16.4264 16.2572 15.6554 17.4165 23.9726 15.2818 16.9027 14.6448 14.6288 14.1994 20.1502 16.3612 14.6564 15.7275 14.5547 20.4229 16.0043 16.1876 17.0273 13.1741 13.117 11.8652 9.57266 9.35967 9.05446 8.11114 7.7263 6.63464 6.11371 4.90106 3.44822 2.80134 1.9542 1.85541 1.61944 1.50466 1.41916 0.724383
threshold=8.2250000000000014 0.15891957779710034 0.049396583250309774 0.044863750542823023 7.3368096844632058 5.317469204927213 37.650000000000013 0.044904920467334179 6.4500000000000011 36.983750000000008 3.5118845842842492 7.3030105089516431 4.4363887122552095 3.2500000000000004 7.8190012020616075 0.078642082012868542 37.250000000000007 56.250000000000007 100.69517982017983 25.000000000000004 0.059387428779614025 0.14172706888460138 7.4301990981360158 0.012794631165429945 7.291666666666667 6.166666666666667 0.033376178234790062 8.5000000000000018 7.5001849112426049 7.6907707319485192 0.081333242111017015 0.13604433374647087 7.4734830940250125 1750.0000000000002 0.33274970606918591 101.50000000000001 1.0000000180025095e-35 0.057357163378393354 0.10252424043026426 1.703296703296701 0.10927771918483994 6.5000000000000009 0.080331591873332123 4.5000000000000009 0.089646937495053647 0.020349423258196168 0.065016004128032032 2.081665999466138 7.5951470843340116 0.023764432100057697 5.9561904761904776 0.055373602194120471
decision_type=2 2 10 8 10 2 2 10 2 2 2 10 2 2 10 8 2 2 2 2 10 10 10 8 2 2 10 2 8 8 10 10 10 2 2 2 2 8 10 2 10 2 10 2 10 10 10 2 10 8 2 10
left_child=1 7 44 4 -4 -5 -6 21 10 15 11 22 13 14 -13 -10 17 18 -3 -15 34 23 33 26 28 -26 27 -1 35 -30 31 32 37 -9 -21 41 -22 48 47 -19 51 -25 50 -39 -2 -8 -43 -12 -31 -18 -23 -7
right_child=2 16 3 5 6 40 45 8 9 -11 38 12 -14 19 -16 -17 49 39 -20 20 36 42 -24 24 25 -27 -28 -29 29 30 -32 -33 -34 -35 -36 -37 -38 43 -40 -41 -42 46 -44 -45 -46 -47 -48 -49 -50 -51 -52 -53
leaf_value=0.096597549848848163 -0.15519868283995647 0.17480771664862135 0.2635202507337302 0.16157406277244743 0.11179434686583048 -0.094296248398072893 -0.03086877199328579 -0.043724836754819391 0.29316991938906339 0.015859927826619668 -0.083794226275419367 0.18672183011974094 0.19425032022784833 -0.10249880722541742 0.023015242478652463 0.10463199713997599 -0.084490168834611551 -0.0030313855146963734 -0.072055139739598068 0.02531483808264582 0.038753039856155698 -0.16243130773300862 -0.11840726291635344 -0.0020125640209120899 0.26830560598828029 0.023595201527576822 -0.1612613680450341 -0.097270759409251881 0.15909533118155098 -0.07309369273484935 -0.14632347483275013 0.17928944802633517 0.10848012512796988 0.13007805418188254 0.24046767191996288 0.070051346578989801 -0.13648104671069627 -0.058988867920527779 0.01631633773904102 -0.1504760112365772 0.0036560336029421449 -0.16111549855152132 -0.0049188388811435106 0.068868004414680453 -0.031553227973751777 -0.15365893194873892 -0.078141810626666877 -0.16446968860193684 -0.15890281546766619 -0.16055828049319179 -0.087984563472782856 -0.15678461560851351
leaf_weight=17.585384666919708 45.886177701875567 18.410827413201332 11.848504163324831 7.5000878423452368 15.017520997673271 6.4457751382142296 6.5376253798604038 23.344721682369709 21.717543128877878 22.447473954409361 13.041066858917477 28.561995953321457 19.812918551266193 22.713606659322977 25.914439998567104 19.809110444039106 9.3058281391859037 14.106051191687582 16.114615119993687 12.943602666258814 15.747054133564234 15.507577806711199 24.374243002384901 12.135984443128107 12.307764135301115 11.801646310836075 20.263154838234186 18.998003181070089 23.288013286888599 9.7555648088455218 13.154030047357081 13.004125863313673 21.700804837048054 16.096015870571136 12.076082576066254 12.233724191784857 11.890209164470434 12.002836212515833 14.528744116425512 19.789192155003548 8.4501562789082509 19.242723084986213 12.067869968712328 14.176779475063084 5.818842187523841 11.79931193962693 10.800150677561758 14.871483102440832 11.8085970133543 23.045382708311081 11.19251863285899 45.850239828228951
leaf_count=136 579 111 80 61 105 70 67 125 94 128 73 106 85 129 97 96 86 95 129 76 89 96 138 62 78 93 158 134 124 67 71 70 137 77 74 71 83 76 70 138 59 141 78 96 60 132 59 85 92 171 85 504
internal_value=-0.00629138 0.00779671 -0.067071 -0.0328295 0.0625239 -0.0959841 -0.0106534 0.0181151 0.0422949 0.138825 0.0180248 0.0373846 0.0654485 0.0453773 0.10942 0.204682 -0.0548246 -0.014246 0.0599713 -0.00117156 0.0428817 -0.00829826 -0.0284294 0.00474671 0.0236477 0.150348 -0.0606625 -0.0040508 0.00578348 0.0349751 0.00432199 0.0288165 -3.56141e-05 0.0276686 0.130841 -0.0578358 -0.0373176 -0.0497423 -0.0789156 -0.0897009 -0.128446 -0.0951703 -0.0932095 0.0102438 -0.141556 -0.111128 -0.132395 -0.128118 -0.121676 -0.139692 -0.132598 -0.149686
internal_weight=878.844 713.689 165.154 113.449 45.203 68.2463 33.3545 612.918 319.89 63.9741 255.916 213.475 149.66 129.847 54.4764 41.5267 100.772 68.4207 34.5254 75.3706 52.6569 293.027 63.815 254.259 197.413 24.1094 56.8465 36.5834 173.303 118.891 95.6027 82.4487 69.4446 39.4407 25.0197 54.4126 27.6373 47.7438 42.4413 33.8952 60.7462 42.1789 38.768 26.1796 51.705 18.3369 30.0429 27.9125 21.5642 32.3512 26.7001 52.296
internal_count=5996 4279 1717 1078 384 694 304 3549 1625 318 1307 1079 739 654 203 190 730 473 240 451 322 1924 340 1665 1237 171 428 270 1066 733 609 538 468 202 150 333 172 331 228 233 633 262 259 172 639 199 200 158 159 257 181 574
is_linear=0
shrinkage=0.148984


end of trees

feature_importances:
sire_long_avg_finish=11
trainer_函館_win_rate=11
surface_avg_finish=10
trainer_新潟_win_rate=10
jockey_long_win_rate=9
jockey_京都_win_rate=9
jockey_中京_win_rate=9
trainer_東京_win_rate=9
horse_weight_zscore=8
past_10_last_3f_time_std=8
past_1_finish_position_max=8
sire_ダート_avg_finish=8
trainer_阪神_win_rate=8
past_10_passing_order_1_std=7
jockey_芝_win_rate=7
sire_intermediate_avg_finish=7
sire_marathon_avg_finish=7
jockey_札幌_win_rate=7
basis_weight_zscore=6
pace_fit_score=6
past_10_finish_position_median=6
past_5_last_3f_time_std=6
jockey_win_rate=6
jockey_中山_win_rate=6
sire_mile_avg_finish=6
sire_sprint_avg_finish=6
jockey_東京_win_rate=6
n_leaders=5
past_5_finish_position_mean=5
past_5_passing_order_4_mean=5
bracket_avg_finish=5
jockey_小倉_win_rate=5
sire_芝_avg_finish=5
trainer_win_rate=5
trainer_福島_win_rate=5
jockey_函館_win_rate=5
trainer_札幌_win_rate=5
dist_avg_finish=4
past_10_finish_position_std=4
trainer_中山_win_rate=4
trainer_京都_win_rate=4
jockey_福島_win_rate=4
jockey_新潟_win_rate=4
age_zscore=3
basis_weight=3
days_since_last_race=3
dist_races=3
horse_number=3
horse_weight_diff_from_avg=3
leader_ratio=3
past_10_finish_position_mean=3
past_10_passing_order_1_max=3
past_3_finish_position_median=3
past_3_last_3f_time_max=3
past_3_last_3f_time_median=3
past_3_passing_order_1_std=3
surface_avg_last3f=3
venue_races=3
jockey_mile_win_rate=3
jockey_ダート_win_rate=3
day_of_meeting=2
dist_avg_time=2
horse_weight=2
past_10_finish_position_max=2
past_10_last_3f_time_mean=2
past_1_last_3f_time_max=2
past_1_passing_order_1_max=2
past_3_finish_position_mean=2
past_3_finish_position_std=2
past_3_passing_order_1_mean=2
past_3_passing_order_4_mean=2
past_5_finish_position_std=2
past_5_passing_order_1_std=2
surface_races=2
venue_avg_finish=2
jockey_unknown_win_rate=2
sire_unknown_avg_finish=2
avg_finish_last10=1
distance_change=1
distance_m=1
past_10_last_3f_time_max=1
past_10_passing_order_1_median=1
past_10_passing_order_4_std=1
past_1_finish_position_median=1
past_1_passing_order_1_mean=1
past_1_passing_order_4_max=1
past_3_last_3f_time_mean=1
past_3_last_3f_time_std=1
past_3_passing_order_1_max=1
past_3_passing_order_1_median=1
past_3_passing_order_4_max=1
past_3_passing_order_4_std=1
past_5_finish_position_median=1
past_5_last_3f_time_max=1
past_5_passing_order_1_median=1
past_5_passing_order_4_max=1
place_rate_last3=1
prev_distance_m=1
round_of_year=1
track_芝=1
weight_diff_from_avg=1
year=1
jockey_intermediate_win_rate=1
jockey_marathon_win_rate=1
trainer_小倉_win_rate=1
trainer_中京_win_rate=1

parameters:
[boosting: gbdt]
[objective: binary]
[metric: auc]
[tree_learner: serial]
[device_type: cpu]
[data_sample_strategy: bagging]
[data: ]
[valid: ]
[num_iterations: 2000]
[learning_rate: 0.148984]
[num_leaves: 106]
[num_threads: 0]
[seed: 0]
[deterministic: 0]
[force_col_wise: 0]
[force_row_wise: 0]
[histogram_pool_size: -1]
[max_depth: -1]
[min_data_in_leaf: 74]
[min_sum_hessian_in_leaf: 0.001]
[bagging_fraction: 0.999447]
[pos_bagging_fraction: 1]
[neg_bagging_fraction: 1]
[bagging_freq: 4]
[bagging_seed: 3]
[bagging_by_query: 0]
[feature_fraction: 0.762271]
[feature_fraction_bynode: 1]
[feature_fraction_seed: 2]
[extra_trees: 0]
[extra_seed: 6]
[early_stopping_round: 0]
[early_stopping_min_delta: 0]
[first_metric_only: 0]
[max_delta_step: 0]
[lambda_l1: 8.30532e-06]
[lambda_l2: 0.311461]
[linear_lambda: 0]
[min_gain_to_split: 0]
[drop_rate: 0.1]
[max_drop: 50]
[skip_drop: 0.5]
[xgboost_dart_mode: 0]
[uniform_drop: 0]
[drop_seed: 4]
[top_rate: 0.2]
[other_rate: 0.1]
[min_data_per_group: 100]
[max_cat_threshold: 32]
[cat_l2: 10]
[cat_smooth: 10]
[max_cat_to_onehot: 4]
[top_k: 20]
[monotone_constraints: ]
[monotone_constraints_method: basic]
[monotone_penalty: 0]
[feature_contri: ]
[forcedsplits_filename: ]
[refit_decay_rate: 0.9]
[cegb_tradeoff: 1]
[cegb_penalty_split: 0]
[cegb_penalty_feature_lazy: ]
[cegb_penalty_feature_coupled: ]
[path_smooth: 0]
[interaction_constraints: ]
[verbosity: -1]
[saved_feature_importance_type: 0]
[use_quantized_grad: 0]
[num_grad_quant_bins: 4]
[quant_train_renew_leaf: 0]
[stochastic_rounding: 1]
[linear_tree: 0]
[max_bin: 255]
[max_bin_by_feature: ]
[min_data_in_bin: 3]
[bin_construct_sample_cnt: 200000]
[data_random_seed: 1]
[is_enable_sparse: 1]
[enable_bundle: 1]
[use_missing: 1]
[zero_as_missing: 0]
[feature_pre_filter: 0]
[pre_partition: 0]
[two_round: 0]
[header: 0]
[label_column: ]
[weight_column: ]
[group_column: ]
[ignore_column: ]
[categorical_feature: ]
[forcedbins_filename: ]
[precise_float_parser: 0]
[parser_config_file: ]
[objective_seed: 5]
[num_class: 1]
[is_unbalance: 0]
[scale_pos_weight: 1]
[sigmoid: 1]
[boost_from_average: 1]
[reg_sqrt: 0]
[alpha: 0.9]
[fair_c: 1]
[poisson_max_delta_step: 0.7]
[tweedie_variance_power: 1.5]
[lambdarank_truncation_level: 30]
[lambdarank_norm: 1]
[label_gain: ]
[lambdarank_position_bias_regularization: 0]
[eval_at: ]
[multi_error_top_k: 1]
[auc_mu_weights: ]
[num_machines: 1]
[local_listen_port: 12400]
[time_out: 120]
[machine_list_filename: ]
[machines: ]
[gpu_platform_id: -1]
[gpu_device_id: -1]
[gpu_use_dp: 0]
[num_gpu: 1]

end of parameters

pandas_categorical:[]
